-23.0009 4.8006 20.7277 3.9336
-20.5326 7.8686 23.4239 7.3087
-20.4987 6.9682 20.9895 6.7617
-18.9892 7.9936 22.4651 6.5332
-20.0999 5.8861 19.8449 4.9460
-18.8243 7.2186 22.2312 5.4981
-20.4980 4.9357 19.2820 4.2193
-20.7779 5.1879 20.6757 3.5485
-20.4871 5.8847 21.2464 5.0948
-19.8670 6.5625 21.5757 5.8236
-19.9913 6.1570 20.8313 5.3098
-21.0735 4.9963 19.8734 3.8308
-22.2912 4.2805 19.7379 3.0248
-23.0134 4.4181 20.2334 3.4255
-24.0325 4.1899 19.9364 3.4753
-24.6116 4.5158 20.3765 3.7075
-25.5621 4.3074 20.0051 3.6441
-24.3201 6.3958 22.1977 5.5767
-24.0502 6.4678 21.2255 6.1394
-23.7667 6.5174 21.2391 5.4724
-24.6057 5.4197 20.1166 4.3594
-24.3289 5.9867 21.2324 4.6895
-24.0058 6.3163 21.2786 5.5168
-24.9419 5.2221 20.0196 4.2901
-26.1311 4.4219 19.7664 3.1556
-28.0660 3.2760 19.0207 2.2326
-27.1932 5.5108 21.8284 4.5183
-28.2054 4.7433 19.9435 4.5988
-28.1586 5.4184 21.0023 4.3382
-28.0755 5.7923 21.0387 5.1158
-27.9843 5.9874 21.0468 5.1494
-28.6225 5.3555 20.3174 4.4256
-28.8489 5.4514 20.7292 4.3269
-29.1558 5.4188 20.6487 4.5346
-27.8062 7.0590 22.3052 6.1347
-28.9624 5.3733 19.7994 4.7885
-29.1683 5.4807 20.7497 3.9848
-28.1019 6.8068 22.0220 5.9223
-27.6808 6.8245 21.3767 6.1675
-28.7690 5.3240 19.8674 4.2065
-27.9759 6.4552 21.7488 5.0314
-30.6777 3.5257 18.2538 2.8534
-31.1703 4.2703 20.4630 2.6161
-29.6026 6.7029 22.5233 6.2229
-29.1041 6.8499 21.4541 6.5959
-28.3125 7.2166 21.7472 6.1405
-28.4054 6.5153 20.8626 5.4612
-28.7857 5.8774 20.5754 4.5547
-28.0897 6.6346 21.6515 5.4298
-25.7727 8.6344 23.2727 7.8042
-26.0411 7.0488 20.6872 6.3535
-24.6041 7.9614 22.3926 6.2491
-25.1434 6.4414 20.4163 5.4666
-25.5734 5.7906 20.5255 4.1924
-24.9227 6.5461 21.6063 5.3497
-25.8248 5.3710 20.0535 4.5535
-24.8825 6.6278 21.8979 5.3108
-26.5657 4.6306 19.2723 3.9763
-28.9865 2.8946 18.5349 1.4010
-29.1454 4.2884 20.7967 3.1466
-28.8165 5.4731 21.2845 5.2176
-27.5411 7.0119 22.2310 6.5056
-27.4215 6.6256 21.0753 6.0125
-26.4670 7.2672 21.9100 6.0382
-26.2265 6.8742 21.1962 5.9087
-25.5470 7.1166 21.6351 5.8479
-26.5157 5.5895 19.9868 4.5069
-26.5922 5.7184 20.8792 4.2455
-27.1899 5.2614 20.3578 4.3487
-27.4269 5.3937 20.7186 4.3446
-25.1303 7.9935 23.2523 7.1308
-26.5344 5.5926 19.5514 5.2035
-26.5003 5.8305 20.9898 4.0513
-26.8212 5.5943 20.6347 4.7030
-26.4418 6.1766 21.3350 5.1548
-24.6491 7.8810 22.7483 7.0582
-23.7368 7.8528 21.8679 7.1672
-24.3937 6.2695 20.2987 4.9817
-25.8275 4.7010 19.5218 3.1064
-24.9795 6.1985 21.8036 4.8444
-25.9716 5.1071 19.9635 4.6015
-26.6869 4.8383 20.2403 3.5903
-26.2215 5.8845 21.4210 4.9647
-27.7440 4.4198 19.4332 3.8033
-26.1877 6.7661 22.5118 5.4905
-26.0849 6.4859 21.0584 6.1922
-26.3190 6.0089 20.7215 4.8379
-25.5111 6.8123 21.7634 5.6440
-24.7049 7.2123 21.7618 6.3717
-24.9541 6.3570 20.7064 5.3152
-23.8518 7.2808 22.0579 5.9279
-23.4845 7.0077 21.3229 6.1389
-22.3845 7.6039 22.0556 6.3571
-22.1210 7.0654 21.2191 6.0335
-22.3121 6.3416 20.7645 4.9933
-20.5633 7.9196 22.7043 6.6150
-21.3465 6.1766 20.1724 5.4409
-20.7135 6.7214 21.5887 5.0848
-18.6911 8.3831 22.9780 7.4655
-19.1044 6.7782 20.5423 6.0023
-18.4698 7.0237 21.5902 5.3453
-18.1502 6.8314 21.2752 5.7638
-18.4985 6.0675 20.6074 4.8754
-18.5020 6.0302 20.9520 4.7527
-17.8842 6.6329 21.5734 5.6153
-15.5558 8.6449 23.2841 7.7609
-14.6693 8.2089 21.8420 7.5164
-14.9134 6.8604 20.7115 5.3764
-16.8865 4.4571 18.9825 2.8560
-16.6375 5.4776 21.2047 3.8679
-16.3765 5.9998 21.2166 5.4353
-17.1680 5.2084 20.1641 4.3912
-16.1586 6.6135 21.9649 5.4553
-15.7678 6.6976 21.3465 6.0974
-15.1809 6.9357 21.5425 5.8605
-15.6671 5.9817 20.4694 4.9246
-16.3509 5.3070 20.2717 3.9758
-16.8183 5.1861 20.4882 4.0539
-17.9289 4.4825 19.8450 3.5622
-18.4515 4.7187 20.4331 3.7001
-17.7246 6.0862 21.6824 5.3611
-19.9800 3.7877 18.7003 3.2534
-21.7519 3.1219 19.1836 1.6493
-21.7253 4.5875 20.9822 3.7862
-21.3969 5.6223 21.2841 5.3471
-22.3457 4.8623 20.0068 4.2811
-21.8092 5.9676 21.4920 4.8723
-20.5502 7.2428 22.2146 6.6345
-19.8665 7.3052 21.6393 6.5651
-21.4299 5.0892 19.3922 3.9152
-22.1604 4.8140 20.2250 3.1751
-23.0142 4.5532 20.1018 3.6348
-23.3530 4.9378 20.6168 4.0636
-24.0243 4.7976 20.2843 4.0916
-24.8659 4.5572 20.1140 3.6885
-22.9560 7.1885 22.8655 6.3208
-23.2890 6.2613 20.6226 6.0040
-23.4414 5.9782 20.8032 4.6145
-23.1550 6.2755 21.2420 5.1797
-24.8872 4.4055 19.2234 3.4682
-26.0289 4.0611 19.8140 2.6458
-25.5590 5.5004 21.4255 4.6707
-25.2076 6.1016 21.3070 5.6803
-26.3686 4.8898 19.7946 4.0850
-25.2430 6.5705 22.0813 5.3129
-25.3097 6.2185 20.8889 5.7212
-25.1680 6.2510 21.0973 5.0950
-25.0587 6.2348 21.0649 5.2085
-25.6087 5.5674 20.4056 4.5265
-27.4400 3.9524 19.1243 2.7837
-27.5709 4.8453 20.8247 3.5872
-29.1358 3.8577 19.3906 3.3434
-29.3005 4.7642 20.7909 3.7399
-29.0932 5.5894 21.1629 5.0921
-28.8952 5.9927 21.1536 5.3431
-30.2815 4.6101 19.5693 3.7523
-29.9149 5.6716 21.3222 4.3962
-31.1253 4.6254 19.7451 4.0462
-30.8737 5.5643 21.2073 4.4043
-30.2705 6.3854 21.5588 5.7794
-28.6721 7.7911 22.5540 7.0206
-30.7229 4.8447 18.9048 4.0681
-29.8936 6.2516 21.7849 4.3937
-30.0558 5.9637 20.7934 5.4183
-30.1311 5.9065 20.8803 4.8112
-30.6935 5.3909 20.3932 4.3849
-30.4593 5.9296 21.1898 4.8405
-30.7179 5.7062 20.6970 4.9053
-31.3367 5.2343 20.3368 4.2002
-31.8753 5.0786 20.4170 4.0283
-31.2590 6.1556 21.5719 5.2393
-30.7674 6.5694 21.4472 5.9230
-29.6668 7.3853 22.0562 6.4448
-29.3038 7.0556 21.3185 6.1334
-29.4497 6.3819 20.8097 5.1082
-30.5881 5.0526 19.8172 3.7595
-30.2733 5.8411 21.2704 4.5179
-30.5799 5.6140 20.6490 4.9138
-30.3584 6.0285 21.1771 5.0069
-29.4838 6.8888 21.8302 6.0296
-29.9767 5.9516 20.4628 5.1194
-30.4589 5.4935 20.4733 4.1727
-30.7181 5.4876 20.6964 4.4032
-30.5055 5.9564 21.1682 5.0312
-28.4686 8.0151 22.9925 7.1858
-29.3415 6.1347 20.0827 5.5530
-28.0015 7.4073 22.2955 5.7289
-28.2170 6.4882 20.7402 5.7225
-27.3191 7.1420 21.8535 5.7471
-27.2594 6.6307 21.0153 5.6882
-27.7936 5.7811 20.4214 4.5076
-28.0528 5.6314 20.6964 4.3669
-27.0939 6.7746 21.9145 5.7774
-25.8271 7.6541 22.2224 6.9380
-24.8661 7.7881 21.9166 6.8478
-25.4299 6.3303 20.3918 5.1090
-26.7187 4.8763 19.6668 3.3165
-26.3178 5.8390 21.3565 4.4987
-25.7898 6.4475 21.4836 5.8086
-28.3024 3.7112 18.4431 2.8570
-28.2782 4.8798 20.9798 3.2654
