-16.7869 3.7405 7.6007 -15.1825
-17.4970 3.4741 7.1759 -15.4882
-17.0435 4.3537 7.6306 -14.7152
-17.6409 3.4841 7.2158 -15.2329
-17.6431 3.8404 7.1572 -15.2245
-17.8390 3.6458 6.9041 -15.2766
-17.9166 3.6858 6.6909 -15.3145
-19.8771 1.7719 4.5638 -17.2124
-19.1618 3.6634 4.3282 -16.0864
-20.2053 2.1908 2.6200 -16.8024
-18.8009 4.2212 2.9423 -15.3610
-17.5407 4.6388 3.6822 -14.1312
-18.2218 3.2016 2.9848 -15.4015
-17.2414 4.5907 3.6765 -14.5873
-16.9169 4.3269 4.1044 -14.2954
-17.1378 3.9114 4.1168 -14.8165
-15.5267 5.6549 5.8727 -13.2391
-15.5444 4.6706 6.6444 -13.5259
-16.3577 3.8678 6.6132 -14.7225
-16.1134 4.6002 7.3145 -14.3112
-16.0182 4.5488 7.9644 -14.0696
-14.9266 5.5833 9.6487 -13.0557
-17.3458 2.5092 8.2589 -15.7161
-16.6784 4.6280 8.9879 -14.8269
-16.8033 4.1027 9.1917 -14.5046
-17.9861 2.9948 8.2876 -15.8226
-19.4501 2.2405 6.6291 -17.0201
-19.5610 3.0080 5.7382 -16.5543
-18.8324 3.8032 5.6424 -15.4521
-17.8909 4.3075 6.0509 -14.6298
-17.0607 4.5728 6.7248 -14.1627
-17.5538 3.5816 6.4074 -15.0478
-17.7635 3.6677 6.1762 -15.3582
-16.9829 4.5741 6.8514 -14.4173
-16.3585 4.7302 7.6826 -13.8987
-15.6129 5.1012 8.8848 -13.4653
-18.2658 2.0009 6.9867 -16.4172
-19.1670 2.6915 5.7793 -16.9667
-18.2140 4.1851 6.0654 -15.1968
-16.8772 4.9502 7.1167 -13.8343
-18.0221 3.0032 6.2209 -15.4752
-18.1033 3.6089 5.9309 -15.6484
-18.3179 3.4431 5.4750 -15.5719
-18.0580 3.8317 5.4077 -15.2497
-18.2876 3.4462 4.9549 -15.4797
-17.2151 4.6565 5.7124 -14.4236
-18.8792 2.3488 4.1622 -16.2472
-16.3063 5.9202 6.1834 -13.5988
-18.1475 2.5352 4.8197 -15.5552
-16.8797 4.9077 5.8285 -14.5367
-15.9704 5.0564 6.9859 -13.4391
-16.7488 3.7324 6.8194 -14.7036
-16.8693 4.0789 6.9993 -14.8867
-17.5705 3.4501 6.5504 -15.3769
-16.7572 4.6840 7.3355 -14.3945
-16.7338 4.2195 7.6560 -14.3655
-16.8093 4.1299 7.8870 -14.6408
-16.2258 4.7587 8.7467 -14.0479
-16.8204 3.8141 8.6618 -14.7410
-15.8908 5.1005 9.8633 -13.8325
-16.5578 3.8756 9.8400 -14.5427
-16.2411 4.5925 10.5336 -14.3157
-16.6680 3.9757 10.6103 -14.6459
-16.4857 4.4140 11.1253 -14.4543
-16.7103 4.0801 11.3064 -14.6128
-16.4374 4.4878 11.8953 -14.3387
-17.2820 3.4794 11.4757 -15.1841
-16.1709 5.0973 12.6740 -13.9695
-17.0402 3.5613 12.3363 -14.8583
-16.8564 4.2667 12.7040 -14.7674
-18.2497 2.7632 11.5682 -15.9887
-16.5692 5.2796 12.9488 -14.0737
-16.0954 4.7451 13.7949 -13.6016
-16.9571 3.5991 13.4951 -14.9614
-18.0606 3.0126 12.6087 -16.0063
-18.2141 3.5212 12.2310 -15.7323
-17.5464 4.2810 12.6130 -14.7691
-17.0988 4.3280 13.0421 -14.4181
-16.5842 4.5741 13.7172 -14.1533
-17.5019 3.3475 13.1658 -15.2814
-17.4595 3.9406 13.2074 -15.1789
-17.6434 3.7313 13.0398 -15.1510
-18.2019 3.2831 12.4239 -15.6830
-17.0844 4.7357 13.2606 -14.4096
-16.8905 4.2591 13.6208 -14.3051
-17.4739 3.5593 13.2811 -15.1956
-17.8832 3.5001 12.8823 -15.5347
-17.7581 3.8708 12.8541 -15.1877
-18.3501 3.2037 12.1589 -15.7065
-18.9040 3.0050 11.2649 -16.1721
-18.4126 3.8287 11.1947 -15.4278
-18.4419 3.5047 10.8004 -15.4224
-18.3567 3.6074 10.5089 -15.4493
-17.5667 4.3463 10.9562 -14.6693
-15.7858 5.6531 12.7104 -13.0669
-17.2872 3.0832 11.8946 -15.1141
-15.5010 5.7703 13.7659 -13.4550
-16.1661 4.0335 13.9005 -14.1169
-17.3761 3.2225 13.2241 -15.6226
-16.7762 4.5484 13.8735 -14.6211
-16.6735 4.2911 14.2657 -14.3480
-17.5457 3.3574 13.7242 -15.3847
-17.4008 4.0255 13.8508 -15.0900
-18.8741 2.4654 12.4172 -16.3830
-20.8856 1.3379 9.8560 -18.1345
-19.2272 4.2031 10.1602 -15.7203
-19.6196 2.8157 9.0769 -15.9616
-18.1369 4.5338 9.7117 -14.7985
-17.2792 4.5019 10.3147 -14.1432
-16.3493 4.9172 11.3329 -13.7406
-16.1635 4.5450 11.9789 -13.9467
-15.9267 4.6704 12.7504 -13.9701
-16.8338 3.6211 12.4725 -14.9693
-14.8596 6.1397 14.7133 -12.8704
-15.6479 4.1668 14.9811 -13.8359
-15.9892 4.2985 15.3807 -14.4933
-15.2740 5.2184 16.7001 -13.5207
-17.2078 2.8556 15.6568 -15.5156
-14.2931 6.9305 18.6883 -12.3858
-16.7920 2.6829 17.4722 -15.0035
-15.6482 5.3259 18.8992 -14.0595
-15.0534 5.2345 20.2346 -13.0937
-16.6997 3.2313 19.5670 -15.1334
-18.9913 1.9274 17.5955 -17.2386
-19.3087 2.9851 16.6816 -16.7025
-18.4252 4.0590 16.8417 -15.2055
-17.5903 4.3637 17.3064 -14.4712
-17.2384 4.2148 17.6222 -14.4983
-17.8138 3.4282 17.1514 -15.3445
-17.7466 3.8406 17.0931 -15.2466
-15.8580 5.6889 18.8831 -13.2334
-16.0853 4.3285 19.3126 -13.8545
-16.8621 3.6881 19.1017 -15.0391
-17.0985 3.9178 19.1205 -15.0656
-16.3021 4.8560 20.0775 -14.0355
-17.0988 3.5814 19.7599 -14.9347
-16.4225 4.7357 20.5967 -14.2903
-17.6566 3.0959 19.7936 -15.4684
-18.3049 3.1880 19.0827 -16.0322
-18.7836 3.0983 18.2820 -16.0851
-20.0865 2.0827 16.4657 -17.1366
-17.6228 5.3280 17.8947 -14.2975
-16.3344 5.1383 19.1340 -13.1891
-17.4855 3.2141 18.4491 -15.1892
-16.9641 4.4262 18.9764 -14.7467
-15.8237 5.2537 20.3311 -13.4344
-17.3494 3.0438 19.4759 -15.3133
-18.3879 2.9207 18.4976 -16.3204
-18.4471 3.4846 18.0833 -15.8057
-17.0920 4.8752 19.0596 -14.1895
-16.9690 4.1852 19.3458 -14.3233
-17.3414 3.7389 19.1857 -15.0456
-16.3034 5.0004 20.2872 -13.9626
-17.8786 2.8024 19.1906 -15.6560
-18.7758 2.8503 18.1420 -16.4872
-18.2466 3.9178 18.1609 -15.4006
-17.5752 4.2718 18.5337 -14.6196
-17.2313 4.2127 18.8475 -14.5371
-18.2829 2.9549 17.9034 -15.8186
-18.3788 3.4898 17.4943 -15.7868
-18.2817 3.6445 17.2398 -15.4181
-17.7795 4.0885 17.4294 -14.9122
-17.5155 4.0512 17.5816 -14.7720
-17.2896 4.1187 17.8013 -14.7194
-18.1198 3.1529 17.0553 -15.6582
-17.3098 4.4610 17.6173 -14.7364
-16.3362 4.9487 18.6670 -13.7255
-17.0005 3.7002 18.4682 -14.7789
-17.5447 3.5546 18.1239 -15.4239
-17.0219 4.4038 18.6287 -14.6329
-18.0401 3.0720 17.8018 -15.6250
-16.0855 5.6375 19.5403 -13.5922
-17.4389 3.1114 18.7527 -15.0922
-17.4410 3.9213 18.7751 -15.2927
-18.2480 3.1156 17.9917 -15.7745
-18.3980 3.4498 17.5425 -15.7625
-18.1947 3.7430 17.3866 -15.3356
-16.8945 4.9213 18.4089 -14.0401
-17.5468 3.4889 17.9988 -15.0012
-17.5602 3.8668 17.9666 -15.1962
-17.6971 3.7380 17.8057 -15.1738
-16.4182 5.0990 19.0057 -13.8644
-18.8615 1.8884 16.9951 -16.5306
-17.7521 4.4637 17.5599 -15.2395
-17.5735 3.9768 17.6377 -14.6963
-19.0020 2.4410 16.1798 -16.4268
-18.3723 3.9278 16.2087 -15.5543
-18.0967 3.8256 16.1353 -15.0618
-17.8853 3.8717 16.1081 -15.0566
-17.1146 4.5155 16.7246 -14.3944
-17.2538 3.9139 16.7396 -14.7384
-16.6616 4.5896 17.4303 -14.3033
-15.2779 5.6180 19.1493 -13.0047
-15.4713 4.5944 19.8448 -13.6169
-16.4036 3.7781 19.7240 -14.8427
-17.5499 3.1912 19.0162 -15.7561
-15.6882 5.7408 20.8580 -13.4413
-16.7946 3.5172 20.4762 -14.6450
-16.0278 4.9480 21.5253 -14.1037
-15.7613 4.7543 22.3806 -13.7251
-15.7808 4.5749 23.0566 -13.9819
