10.2574 -4.8486 -3.7570 -1.2801
9.1568 -6.7212 -6.2221 -1.4830
9.3996 -5.3779 -3.6462 -1.6378
7.6405 -7.3796 -6.9359 -2.5648
7.9352 -5.3259 -3.2373 -2.1125
8.8168 -4.7391 -4.4998 0.1173
9.9586 -4.4788 -3.6083 0.8471
9.5233 -6.0559 -5.6311 -0.5218
8.5431 -6.6008 -5.1646 -2.3284
9.3274 -4.8364 -3.6334 -0.9999
9.2826 -5.6654 -5.2281 -0.4174
9.3401 -5.5631 -4.3285 -0.9783
10.5690 -4.3917 -3.6069 0.2749
12.3952 -3.7943 -3.3703 1.8094
11.5201 -6.4957 -6.1900 -0.4141
11.0308 -6.1099 -4.3943 -2.1894
11.1157 -5.5357 -4.7179 -1.3066
11.7869 -4.9494 -3.9698 -0.2609
13.1291 -4.2784 -3.6729 0.8792
13.6968 -5.0529 -4.5958 0.6415
13.2682 -6.0492 -5.1306 -0.9744
14.2706 -4.6182 -3.4323 -0.3405
14.8521 -5.0391 -4.7023 0.3834
14.6901 -5.7826 -4.8109 -0.6968
15.2838 -5.0269 -4.0008 -0.5359
15.4856 -5.4189 -4.7979 -0.3233
17.3091 -3.7971 -2.7776 0.9849
17.0582 -5.8714 -5.8620 0.2080
18.3252 -4.3536 -2.8020 0.0663
19.5116 -4.4343 -4.4127 1.1999
18.9785 -6.1537 -5.3267 -0.5840
19.6588 -4.9403 -3.6563 -0.7462
20.5573 -4.7222 -4.2734 0.4427
22.1945 -3.9833 -3.2260 1.3560
20.8979 -6.9172 -6.6836 -0.9868
20.0918 -6.4268 -4.4644 -2.8435
20.2526 -5.4597 -4.6069 -1.4841
17.8864 -7.9868 -7.0628 -3.2375
16.3599 -7.1471 -4.9951 -4.4195
14.5516 -7.4289 -6.3108 -4.0295
15.2514 -4.9208 -3.1448 -1.7469
14.6211 -6.2509 -6.0578 -1.0704
17.6232 -2.6186 -0.9690 1.4978
18.4347 -4.8091 -5.7040 2.2132
19.2494 -4.8059 -3.3333 0.4640
19.0895 -5.7805 -5.4933 -0.5081
18.7768 -5.9333 -4.5661 -1.4406
19.5916 -4.8058 -3.9022 -0.4354
20.7716 -4.4406 -3.8689 0.8318
22.2309 -4.1613 -3.6062 1.4033
23.6061 -4.2454 -3.8216 1.5427
24.6987 -4.5280 -3.9966 1.1928
24.6739 -5.6454 -5.0265 -0.1507
24.6478 -5.6467 -4.5129 -1.0460
23.7687 -6.4998 -5.6227 -1.9001
23.6342 -5.7551 -4.3231 -1.8378
24.0268 -5.2280 -4.4459 -0.7150
22.6355 -7.0119 -6.1683 -2.0772
22.2271 -6.0290 -4.3242 -2.5214
21.8195 -6.0282 -5.2455 -1.7343
21.9133 -5.5269 -4.2835 -1.2323
21.5864 -5.9475 -5.1852 -1.2519
21.2633 -5.9437 -4.7305 -1.5846
19.9544 -6.9294 -5.9436 -2.5673
18.7957 -6.7794 -5.1870 -3.2058
17.5012 -6.9151 -5.7010 -3.2215
17.8096 -5.3122 -3.8411 -1.7272
18.2419 -5.1882 -4.6471 -0.3209
16.3689 -7.4936 -6.5495 -2.5271
15.2454 -6.7441 -4.8488 -3.6219
14.8761 -5.9899 -4.9449 -2.2681
15.4193 -5.0774 -3.9843 -0.7522
15.6284 -5.4115 -4.7987 -0.3563
16.4890 -4.7601 -3.7401 0.0278
15.1363 -6.9733 -6.4826 -1.6643
14.4802 -6.2767 -4.4148 -2.7382
13.1291 -6.9717 -6.1437 -2.8759
13.2187 -5.5310 -3.8386 -1.9912
12.4040 -6.4353 -5.8954 -1.7430
13.1663 -4.8583 -3.2900 -0.8895
11.4769 -7.3100 -7.0444 -2.0796
11.5576 -5.5399 -3.3971 -2.2708
9.3953 -7.7829 -7.4638 -3.0978
8.4861 -6.5298 -4.1773 -3.6390
8.4074 -5.6993 -4.9900 -1.8060
8.8056 -5.2225 -4.1068 -0.6648
9.1377 -5.2885 -4.6144 -0.3493
7.3798 -7.3785 -6.4506 -2.4922
7.8524 -5.1481 -3.3021 -1.9337
8.6519 -4.8211 -4.5495 0.1775
7.8535 -6.4190 -5.5237 -1.1588
8.8696 -4.6045 -3.2221 -0.6227
8.3072 -6.1830 -5.9513 -0.7495
7.4594 -6.4684 -4.8721 -2.2977
7.6464 -5.4336 -4.3769 -1.4912
8.3032 -4.9638 -4.1547 -0.1936
8.7656 -5.1583 -4.4603 -0.0122
9.0633 -5.3229 -4.4721 -0.3324
9.6549 -5.0291 -4.1724 -0.1702
9.3444 -5.9311 -5.2243 -0.8372
10.0307 -4.9343 -3.7015 -0.5621
10.6530 -4.9984 -4.5270 0.1713
9.0928 -7.1808 -6.2967 -2.0623
8.5138 -6.1997 -4.4307 -2.8272
9.4578 -4.6765 -3.8406 -0.5192
9.0963 -5.9822 -5.4413 -0.6063
8.4803 -6.2366 -4.8953 -1.9052
8.2234 -5.8775 -4.8093 -1.7497
9.1517 -4.6923 -3.6671 -0.2772
7.8952 -6.8770 -6.4229 -1.5138
8.6761 -4.8398 -3.0077 -1.2243
9.4761 -4.8206 -4.6962 0.4247
9.9860 -5.1107 -4.1420 0.1499
9.3349 -6.2717 -5.5801 -1.2432
8.2058 -6.7497 -5.3390 -2.6499
9.1163 -4.7101 -3.4200 -0.9928
9.5265 -5.2104 -4.8798 0.1386
9.6486 -5.4984 -4.4379 -0.5497
9.8296 -5.4397 -4.6001 -0.7214
10.2374 -5.2127 -4.2921 -0.4474
10.6032 -5.2548 -4.4882 -0.3079
11.8003 -4.4235 -3.5588 0.4897
12.4630 -4.9579 -4.5579 0.6204
12.5505 -5.5331 -4.6336 -0.3824
13.5296 -4.6415 -3.7041 0.0491
15.4263 -3.7240 -3.2513 1.6800
15.6785 -5.3684 -5.1222 0.7695
16.6671 -4.6320 -3.4503 0.1904
15.5760 -6.7117 -6.3659 -1.3002
16.7251 -4.4715 -2.6679 -0.7237
16.1576 -6.1882 -6.2336 -0.6483
15.8206 -5.9576 -4.2201 -1.7910
16.5047 -4.9365 -4.2058 -0.5854
16.0976 -6.0278 -5.3043 -0.8599
13.9180 -7.8002 -6.5275 -3.5053
11.9328 -7.6058 -5.7215 -4.7289
10.5476 -7.0058 -5.5244 -3.9733
11.0938 -5.0744 -3.6916 -1.5619
10.5957 -6.1187 -5.6523 -1.0611
10.2635 -5.9529 -4.5061 -1.7307
9.1880 -6.6961 -5.8224 -2.3413
11.0662 -3.7424 -2.2106 0.0179
10.8244 -5.8624 -6.1365 0.2608
10.0178 -6.4272 -4.7383 -2.0000
10.2763 -5.3621 -4.3724 -1.3868
8.7045 -7.1924 -6.3856 -2.3650
8.1823 -6.1428 -4.3294 -2.7796
8.2813 -5.5216 -4.7363 -1.3188
10.3710 -3.5309 -2.5421 1.1689
10.6698 -5.3219 -5.4302 0.9705
10.9832 -5.3072 -3.9715 -0.4476
11.7618 -4.8420 -4.2357 0.0293
12.8014 -4.5810 -3.8425 0.6625
12.2660 -6.1560 -5.6142 -0.7037
12.6229 -5.2637 -3.8360 -1.0714
10.9281 -7.3154 -6.7768 -2.4093
11.4027 -5.1460 -3.1370 -1.8812
10.2705 -6.7528 -6.5637 -1.7525
10.1084 -5.7826 -3.8802 -2.0678
10.3146 -5.4145 -4.8538 -0.9235
9.4690 -6.4662 -5.4187 -1.6807
10.7456 -4.3440 -3.0140 -0.3998
10.2301 -6.1361 -6.0085 -0.4942
9.5982 -6.2525 -4.6277 -2.0443
10.2763 -4.9424 -4.0080 -0.8274
11.5950 -4.3020 -3.6774 0.8612
11.7724 -5.4432 -4.9839 0.2323
10.7198 -6.6732 -5.5607 -1.9107
11.7616 -4.5788 -3.1778 -0.8003
11.0074 -6.3749 -6.1654 -0.9208
8.9820 -7.6460 -5.9427 -3.6288
7.9882 -6.6144 -5.0225 -3.6141
9.5299 -4.0789 -2.9470 -0.2533
11.5896 -3.5610 -3.4669 2.2930
11.8052 -5.4050 -5.0510 0.8633
11.8976 -5.5282 -4.3821 -0.7351
10.1175 -7.4008 -6.5891 -2.7062
8.3209 -7.4172 -5.5020 -4.2207
9.0709 -4.8706 -3.4990 -1.6873
8.8212 -5.8703 -5.5002 -0.6497
8.0407 -6.4011 -5.0304 -1.9803
7.5185 -6.1428 -5.0070 -2.1466
7.0457 -6.0934 -4.9693 -1.8906
6.9216 -5.7447 -4.6395 -1.5023
5.8288 -6.7135 -5.7731 -2.1921
6.0378 -5.4116 -3.9044 -1.6652
6.3161 -5.3423 -4.7695 -0.5545
7.1414 -4.7954 -3.7900 0.0479
6.6391 -6.1229 -5.6073 -0.8421
8.2279 -4.0318 -2.6075 0.1870
7.8965 -5.9521 -6.0277 -0.0604
8.4333 -5.0838 -3.4493 -0.7283
7.9759 -6.0780 -5.7327 -1.0279
9.6832 -3.9133 -2.4263 0.3414
9.2065 -6.0973 -6.2636 -0.1109
10.1346 -4.6925 -2.9401 -0.4533
9.7782 -5.9770 -5.8864 -0.6139
10.7231 -4.6757 -3.1119 -0.3402
11.8143 -4.5295 -4.3529 0.8471
11.6545 -5.7804 -4.9833 -0.2868
11.3205 -5.9546 -4.8423 -1.4618
