-0.1225 -9.3863 7.6558 -20.3624
-0.2567 -9.5569 7.2983 -20.1815
-0.1269 -9.5976 7.4996 -20.0919
-1.1166 -10.6281 6.4696 -21.0427
-0.6006 -11.1425 7.1916 -20.8236
0.2470 -10.8094 7.8948 -19.8212
0.6084 -10.1149 8.1156 -19.2055
-0.3566 -10.3853 7.1065 -20.0621
1.9039 -8.3952 9.5688 -18.0910
-1.1026 -9.4116 6.0698 -20.4194
-1.4268 -10.7522 6.4454 -21.6456
1.5486 -9.1175 9.3457 -18.7674
-1.0136 -10.0449 6.2034 -20.4370
-0.2753 -10.2340 7.5702 -20.4673
-1.0776 -11.2255 6.4945 -21.0482
-1.2596 -12.3989 6.5277 -21.4709
-0.8596 -13.1724 6.9210 -21.1255
-0.2490 -13.3353 7.4529 -20.3949
-0.5339 -13.7830 7.0617 -20.4966
0.7810 -12.9158 8.4549 -19.2671
-0.5047 -13.3343 6.8905 -20.1583
1.1830 -12.0652 8.8910 -18.8564
-0.9085 -12.8876 6.3994 -20.4416
-1.6457 -14.4471 6.1606 -21.8062
0.2087 -14.1522 8.0628 -20.1730
1.2341 -12.8319 8.7077 -18.5912
-0.3189 -13.0647 7.0257 -19.8367
1.1492 -11.8293 8.8302 -18.8345
-0.3296 -12.0727 6.9905 -19.8728
-0.7189 -12.7054 6.9692 -20.7057
-1.3246 -13.9439 6.3677 -21.4282
0.9846 -12.8731 8.7972 -19.3008
-1.3820 -14.1689 5.9448 -20.9746
-0.4124 -14.4952 7.4848 -20.7150
-0.8655 -15.2745 6.7237 -20.8772
-0.8594 -16.0477 6.8820 -21.0070
-0.3699 -16.3314 7.3399 -20.5156
0.0572 -16.1880 7.6753 -19.9418
0.1499 -15.9520 7.7010 -19.7210
-0.9306 -16.7965 6.6154 -20.7736
0.2546 -16.4557 8.0177 -19.9125
0.4288 -15.9407 7.9114 -19.3828
-0.2264 -16.0809 7.2775 -19.9857
-0.3134 -16.3082 7.3173 -20.2693
-1.2954 -17.5174 6.3273 -21.2774
0.2242 -17.2070 8.0449 -20.0524
1.5600 -15.5609 9.0372 -18.2607
0.6630 -14.8117 7.9417 -18.7570
-0.2012 -14.9267 7.2967 -19.8903
0.4903 -14.3502 8.1172 -19.4580
0.0989 -14.1652 7.5617 -19.6420
0.4867 -13.5923 8.0605 -19.3716
0.0371 -13.4690 7.5112 -19.7049
-0.0766 -13.4594 7.5073 -19.9535
1.5037 -11.8696 9.0884 -18.4073
0.0370 -11.7464 7.3055 -19.3999
0.5523 -11.1080 8.1773 -19.3246
0.6919 -10.3300 8.1426 -19.0304
1.2408 -9.0030 8.6984 -18.4396
-0.2418 -9.1587 7.1047 -19.7576
0.5423 -8.5302 8.2075 -19.4182
-0.0206 -8.4646 7.4241 -19.7459
-0.5691 -8.9476 7.0322 -20.4633
-0.1884 -9.0498 7.4913 -20.2471
0.5182 -8.4455 8.1061 -19.4263
-0.8333 -9.1926 6.6316 -20.5658
1.4971 -7.6094 9.2569 -18.6409
1.7976 -5.7256 9.0324 -17.6412
-0.8152 -6.4546 6.4645 -20.1639
-0.4331 -6.8015 7.3602 -20.5656
0.3755 -6.3399 7.9896 -19.6425
0.3167 -5.9370 7.8050 -19.4586
1.2988 -4.5520 8.8240 -18.4942
-0.1576 -4.6234 7.1638 -19.6559
1.5081 -3.0292 9.1615 -18.4272
-0.9212 -3.8642 6.3327 -20.3567
-0.0058 -3.7838 7.8138 -20.1702
0.2373 -3.4603 7.7607 -19.6524
-1.0531 -4.4272 6.4810 -20.8698
-0.0270 -4.3680 7.7630 -20.2309
-0.3513 -4.6332 7.1822 -20.2474
0.7715 -3.7755 8.4212 -19.2219
0.4595 -3.2298 7.8614 -19.1970
1.7676 -1.3761 9.2815 -17.9825
0.9099 -0.3800 8.1398 -18.4478
0.0167 -0.2771 7.4749 -19.5983
-2.0045 -2.1955 5.5866 -21.8875
-0.2172 -2.3266 7.7516 -20.7066
-0.8548 -3.0952 6.6810 -20.8080
2.3038 -0.7052 10.0537 -17.8406
-0.0089 -0.6280 7.0665 -19.2058
0.2894 -0.2524 7.9623 -19.6012
0.3094 0.1432 7.8031 -19.4918
-0.1987 0.0307 7.3269 -19.9938
-1.9152 -1.7983 5.7056 -21.8628
2.0053 0.2931 9.9503 -18.4573
0.2729 0.6522 7.3690 -19.0135
-0.8805 -0.1421 6.7319 -20.6866
-0.3135 -0.3695 7.4263 -20.4656
1.5077 1.2244 9.1086 -18.4744
0.0690 1.3796 7.3335 -19.3666
0.0924 1.5582 7.7119 -19.7748
-0.4239 1.2204 7.1199 -20.2842
-1.6112 -0.3046 6.0510 -21.6263
-0.7956 -1.0140 7.0804 -21.1669
-0.9528 -1.8806 6.7173 -21.0794
-0.0147 -1.8091 7.7280 -20.1885
0.0695 -1.6535 7.6100 -19.8229
-0.2684 -1.8357 7.2958 -20.1355
0.6449 -1.1047 8.2719 -19.3236
-0.4337 -1.4522 6.9981 -20.1283
0.1483 -1.2178 7.8348 -19.8698
-0.9539 -2.0855 6.5653 -20.7974
-1.0687 -3.0681 6.7044 -21.2429
-0.3797 -3.3616 7.3655 -20.5883
0.7383 -2.5372 8.3514 -19.2636
0.1080 -2.3430 7.5239 -19.5585
0.2115 -2.0453 7.7929 -19.6441
-0.7963 -2.7555 6.7313 -20.6208
-0.7738 -3.4431 6.9661 -20.9007
0.4867 -2.8703 8.1796 -19.6335
0.3591 -2.4251 7.8093 -19.3829
-1.4121 -3.7511 6.1122 -21.1924
-1.5860 -5.2509 6.2777 -21.8977
0.9298 -4.2350 8.7604 -19.4340
-0.1137 -4.2625 7.2204 -19.7227
-0.2466 -4.4229 7.3955 -20.1687
0.2927 -4.0441 7.8997 -19.6693
-0.1933 -4.1512 7.3129 -19.9935
0.1267 -3.9384 7.7503 -19.8193
0.3819 -3.4703 7.9180 -19.4681
-1.7022 -5.0864 5.8003 -21.4757
-0.0714 -5.0717 7.8547 -20.4701
-0.1239 -5.1094 7.3913 -20.0333
0.3176 -4.7056 7.9255 -19.6075
0.2191 -4.4004 7.7201 -19.5736
-1.3293 -5.6435 6.2129 -21.1515
0.0457 -5.5116 7.8893 -20.2411
-1.0856 -6.5111 6.4227 -20.9599
-0.4404 -6.8653 7.3613 -20.6541
0.0194 -6.7597 7.6333 -20.0007
0.8693 -5.8043 8.4288 -19.0129
0.3786 -5.3395 7.7790 -19.2486
0.1805 -5.0728 7.7109 -19.5939
-1.5094 -6.4960 6.0346 -21.3432
0.0249 -6.3850 7.9041 -20.3159
1.0867 -5.2121 8.5920 -18.7938
-2.2017 -7.3277 5.1660 -21.7637
0.3760 -6.8655 8.4290 -20.1725
-2.5461 -9.3254 4.8543 -22.3213
-0.3910 -9.6303 7.7243 -21.0428
0.3121 -9.2321 7.8534 -19.6932
-1.7920 -10.9378 5.7235 -21.5863
0.6732 -10.1784 8.6147 -19.7523
0.1171 -9.9752 7.4803 -19.5689
0.8725 -9.0165 8.4626 -18.9803
0.4007 -8.5297 7.7943 -19.2256
-0.5321 -8.9756 6.9952 -20.2999
0.2395 -8.6499 7.9266 -19.8081
-0.1063 -8.6700 7.3946 -19.9224
-1.9746 -10.5585 5.6326 -21.8945
0.2522 -10.2201 8.2118 -20.2282
0.2516 -9.8823 7.6954 -19.5607
0.3382 -9.4580 7.8852 -19.4743
0.0267 -9.3451 7.5358 -19.7598
-0.2044 -9.4634 7.3746 -20.0844
-2.7725 -12.1497 4.8388 -22.7218
1.4622 -10.6013 9.5806 -19.2575
-1.0105 -11.5257 6.1595 -20.4599
-0.8066 -12.2461 7.0477 -20.9977
0.7473 -11.4126 8.4240 -19.3826
-0.6527 -11.9791 6.7487 -20.3164
-1.0853 -12.9782 6.6511 -21.1691
0.5551 -12.3370 8.3110 -19.6585
-0.3401 -12.5909 7.0838 -20.0616
-1.2079 -13.7126 6.4615 -21.1979
1.5618 -12.0647 9.3556 -18.6886
-0.3928 -12.3714 6.8222 -19.8123
-0.8602 -13.1454 6.8615 -20.8660
-1.4404 -14.4997 6.2735 -21.5865
-0.4121 -14.8256 7.4194 -20.7322
1.4671 -13.2724 9.0693 -18.5446
0.5420 -12.6442 7.8143 -18.9059
-1.1137 -13.6718 6.4096 -20.8391
-0.2881 -13.8737 7.5161 -20.5102
0.7749 -13.0127 8.3578 -19.1995
1.4720 -11.4545 8.8866 -18.1835
-0.2158 -11.5842 7.0930 -19.6622
-0.9039 -12.4020 6.7636 -20.8567
0.2023 -12.1135 7.9358 -19.9568
-1.2175 -13.2448 6.2815 -21.0448
0.7952 -12.3635 8.6250 -19.4581
-1.0304 -13.3077 6.3308 -20.6798
-0.7078 -13.9293 7.1123 -20.9049
-2.0772 -15.9204 5.5865 -22.1775
-1.0381 -16.8723 6.9307 -21.5493
0.1718 -16.6144 7.8718 -20.0276
1.1120 -15.4162 8.6238 -18.7244
1.0228 -14.3072 8.3842 -18.5316
-1.6988 -15.9199 5.7105 -21.2800
-0.4428 -16.2765 7.5013 -20.8404
