19.9201 -12.6793 17.8178 18.5505
21.5662 -11.2708 18.0828 19.8507
22.3632 -10.1921 19.1449 21.1416
21.3597 -10.9799 19.2035 20.3772
20.7366 -11.7606 18.6389 19.4530
21.9638 -10.6895 19.3015 20.4933
22.5102 -9.9288 20.5106 21.4079
21.7560 -10.5309 20.9654 20.8175
21.7947 -10.6126 21.4590 20.6300
21.5228 -10.9009 21.6806 20.3697
20.7265 -11.7548 21.1059 19.4918
21.4334 -11.2187 21.2382 19.9599
22.4298 -10.1151 22.3669 21.1683
21.2452 -11.0790 22.3109 20.2826
22.0074 -10.5095 23.0171 20.6895
21.2406 -11.1625 22.9566 20.1513
21.8914 -10.6422 23.5468 20.5721
20.6816 -11.7481 22.9272 19.5575
20.1109 -12.5399 21.7369 18.6238
18.8658 -13.9433 19.3016 17.2076
22.0332 -11.0567 20.0336 20.0014
21.6480 -10.8645 20.3804 20.5664
22.0293 -10.4448 21.1085 20.8321
21.8723 -10.5178 21.6796 20.7896
19.5236 -12.8811 19.9021 18.3938
21.4045 -11.4728 20.0054 19.5701
23.2360 -9.3597 21.9403 21.9659
22.2318 -9.9413 22.8710 21.5111
21.1503 -11.1391 22.7201 20.1284
20.8330 -11.6960 22.2519 19.4866
20.9359 -11.7045 21.8866 19.4943
21.5593 -11.0828 22.1448 20.1485
21.4865 -11.0312 22.3301 20.2628
20.4066 -12.1008 21.4356 19.1610
20.8467 -11.8746 20.9811 19.2772
21.0182 -11.6579 20.6981 19.5807
22.3977 -10.2351 21.7946 21.0116
22.3190 -10.0292 22.8124 21.3467
21.6037 -10.7033 23.1150 20.6079
20.0402 -12.4016 21.8541 18.8298
21.5413 -11.2402 22.0942 19.8619
22.0846 -10.4646 22.8776 20.8555
21.1082 -11.2859 22.6846 20.0420
19.9942 -12.5642 21.3776 18.6351
20.5356 -12.2784 20.6120 18.8423
22.0837 -10.6731 21.3946 20.5529
21.2325 -11.2033 21.3259 20.1661
21.6844 -10.8574 21.7091 20.3626
21.6126 -10.8601 22.0206 20.4264
22.0532 -10.4200 22.7726 20.8455
22.2584 -10.1268 23.7298 21.1828
21.7427 -10.5839 24.1713 20.7287
21.8543 -10.5636 24.7245 20.6856
21.6684 -10.7455 25.0916 20.5331
20.1565 -12.2938 23.9469 18.9655
22.2287 -10.5313 24.8744 20.5841
22.3489 -10.0585 25.9222 21.3260
21.6303 -10.6826 26.2513 20.6434
21.0615 -11.3762 26.0116 19.8591
20.7333 -11.8431 25.4437 19.3603
19.7366 -12.9332 23.8791 18.2650
21.3309 -11.5569 23.9089 19.5603
21.9083 -10.7042 24.5160 20.6161
22.2615 -10.1806 25.4763 21.1424
21.1756 -11.1616 25.3508 20.1626
20.8186 -11.7149 24.8682 19.4798
23.0216 -9.6226 26.5886 21.5756
23.0128 -9.2129 28.3003 22.2277
23.6931 -8.4506 30.6922 22.9054
20.3639 -11.6274 29.7550 19.7803
20.0173 -12.6093 28.4711 18.4350
21.4638 -11.3593 28.6337 19.7774
21.6902 -10.8828 29.0227 20.4378
21.9862 -10.4916 29.7077 20.8017
20.8094 -11.5901 29.2159 19.7137
21.1024 -11.5168 29.0171 19.6537
20.9929 -11.6117 28.7088 19.6321
19.3302 -13.2933 26.7378 17.9365
20.4790 -12.4808 25.9157 18.5866
21.3685 -11.4288 25.9830 19.8207
20.8855 -11.7014 25.5674 19.6046
22.1430 -10.4985 26.4092 20.7171
21.8947 -10.5062 27.0027 20.8460
21.6002 -10.8022 27.3017 20.4771
21.9215 -10.5401 27.9220 20.7100
23.3559 -9.0533 29.9768 22.2408
21.0494 -11.0625 29.7250 20.3646
23.9648 -8.5489 32.3886 22.5880
23.1590 -8.8520 34.2464 22.6569
22.5659 -9.5057 35.5111 21.8221
19.3323 -12.8700 33.5423 18.4106
20.7363 -12.1389 32.9773 18.8444
19.9840 -12.7450 31.6601 18.5133
21.5033 -11.3469 31.8622 19.8069
20.2428 -12.3278 30.8038 19.0022
20.8612 -11.9055 30.3639 19.2425
22.7791 -9.9032 31.8418 21.3459
20.0729 -12.2089 30.6135 19.2151
19.4545 -13.2885 28.7668 17.7848
20.5536 -12.4053 28.0192 18.6984
21.0449 -11.7374 27.7629 19.5194
21.9851 -10.6635 28.4468 20.6070
21.4194 -11.0145 28.5650 20.3234
20.9488 -11.5552 28.2127 19.6831
21.5358 -11.0764 28.4473 20.1289
20.1630 -12.3535 27.3091 18.9322
21.6022 -11.1697 27.6101 19.9596
22.3379 -10.1972 28.6468 21.1270
21.2809 -11.0597 28.6266 20.2908
22.4868 -10.0263 29.8122 21.1796
20.9685 -11.3379 29.4796 20.0231
22.3211 -10.2477 30.4995 20.9201
19.9552 -12.3955 29.1535 18.9600
21.3464 -11.4339 29.1987 19.6415
21.8710 -10.7170 29.7685 20.5834
20.2531 -12.1914 28.7205 19.1229
19.8246 -12.9148 27.2439 18.2090
20.7100 -12.1741 26.6527 18.9659
21.0422 -11.6938 26.3937 19.5636
22.6580 -9.9819 27.7506 21.2791
20.2955 -12.0020 26.7449 19.4014
22.3454 -10.3562 27.7891 20.7425
21.0418 -11.3306 27.5298 20.0539
20.6820 -11.8853 26.9106 19.3030
20.9502 -11.7281 26.5596 19.4632
23.4374 -9.2094 28.6958 22.0309
20.6852 -11.4579 28.0798 20.0249
22.8151 -9.7776 29.5937 21.3291
21.3867 -10.8700 29.6793 20.5397
20.7986 -11.6766 29.1767 19.5231
22.0070 -10.6295 29.8825 20.5550
21.4209 -11.0062 30.0022 20.3314
21.2155 -11.2869 29.9165 19.9502
21.7832 -10.7753 30.3986 20.4563
20.8252 -11.6310 29.9226 19.6686
23.4182 -9.2092 32.0396 21.9742
21.4002 -10.7428 32.1387 20.7341
22.1078 -10.3419 32.9453 20.8364
22.3181 -10.0515 33.9623 21.2589
20.3678 -11.9437 33.0289 19.3717
22.7737 -9.9162 34.5014 21.1925
22.2861 -9.9983 35.4863 21.4267
20.5545 -11.7463 34.7396 19.5488
21.6166 -11.0339 35.0550 20.0914
20.3868 -12.1211 34.1407 19.1803
22.5315 -10.1939 35.3711 20.9561
21.2746 -11.0654 35.3445 20.3425
22.2109 -10.3034 36.2542 20.9017
21.3604 -11.0014 36.3135 20.3322
21.5692 -10.9323 36.5815 20.2858
20.8070 -11.6807 36.0873 19.5862
20.8420 -11.7953 35.6281 19.3926
21.1132 -11.5471 35.4401 19.6742
23.7268 -8.8838 37.8658 22.3692
22.1717 -9.9062 38.7363 21.5982
21.8629 -10.4195 39.2981 20.8229
21.8509 -10.5342 39.8478 20.7182
23.6995 -8.7085 42.2461 22.5633
21.7585 -10.2844 42.7035 21.1768
21.9562 -10.4018 43.3585 20.7923
20.6877 -11.6938 42.7451 19.5830
21.2825 -11.3575 42.7264 19.7973
20.2631 -12.3095 41.6883 18.9563
21.8470 -10.9160 42.2342 20.2344
20.6318 -11.8526 41.5648 19.4944
22.6660 -10.0057 42.9296 21.1640
22.2800 -10.0223 43.9084 21.3883
21.2349 -11.0707 43.8422 20.2274
20.9433 -11.5720 43.4843 19.6222
19.9267 -12.6888 42.1099 18.5182
22.1518 -10.6871 42.9605 20.4383
22.1593 -10.2793 43.8187 21.1134
21.2016 -11.1554 43.7191 20.1579
23.4052 -9.1270 45.8232 22.0742
21.8954 -10.2312 46.4173 21.2254
21.9032 -10.4443 47.0193 20.7802
21.3243 -11.0657 47.0424 20.2037
22.0698 -10.4445 47.8111 20.7756
20.5584 -11.8317 47.0683 19.4878
21.2049 -11.4626 46.9720 19.6808
20.3059 -12.2878 45.9767 18.9759
20.0699 -12.6888 44.7455 18.4702
19.4635 -13.3754 42.9078 17.7930
22.8909 -10.0853 44.4976 21.0385
19.2693 -13.0489 42.4657 18.4451
23.6564 -9.2546 44.8210 21.7457
22.0652 -10.0869 45.5850 21.4706
19.1865 -13.1320 43.4703 18.1146
21.2108 -11.7168 43.3800 19.2753
22.1860 -10.4585 44.2648 20.8577
20.6128 -11.7801 43.5764 19.5771
22.0969 -10.5603 44.3722 20.5892
20.2634 -12.1498 43.3344 19.2010
21.3994 -11.3318 43.4326 19.7869
22.8249 -9.7426 44.9563 21.5532
21.6754 -10.5743 45.3306 20.8314
22.5402 -9.8759 46.5696 21.3513
21.3667 -10.9096 46.6351 20.4372
20.6209 -11.8622 45.9548 19.3394
21.8147 -10.8589 46.4683 20.3095
21.3549 -11.1181 46.5220 20.2078
