-11.0391 -10.3724 -14.5123 10.8361
-10.1372 -10.0142 -13.2339 11.3704
-9.2345 -9.4723 -11.4135 11.9482
-10.0179 -10.6167 -10.7376 10.8579
-10.0717 -10.3572 -9.8021 11.0031
-10.2404 -10.5044 -9.0139 10.8818
-12.1044 -12.3008 -10.0221 9.0706
-11.9571 -11.4080 -10.1374 9.7839
-11.3637 -10.8735 -9.7182 10.4076
-12.6884 -12.4356 -10.8612 8.8989
-12.2989 -11.5161 -11.0847 9.6622
-13.3360 -12.7091 -12.5011 8.5612
-12.5967 -11.5550 -12.7634 9.5961
-11.8106 -11.0646 -12.5354 10.2018
-11.3881 -10.9565 -12.1993 10.3589
-10.8718 -10.6092 -11.5158 10.7171
-10.3680 -10.3119 -10.5351 11.0491
-11.3627 -11.5082 -10.7506 9.8825
-10.5839 -10.3314 -9.7894 10.9397
-10.1986 -10.2577 -8.7544 11.1311
-11.2363 -11.4496 -8.9113 9.9466
-11.3838 -11.1819 -8.8006 10.0951
-10.6441 -10.3832 -7.8911 10.9205
-11.3237 -11.3587 -7.9572 10.0249
-12.2562 -12.0194 -8.6840 9.2666
-12.4109 -11.8010 -9.1923 9.4189
-12.6078 -11.9361 -9.8358 9.3057
-13.1272 -12.3767 -10.9199 8.8516
-11.0180 -10.0598 -9.6870 11.1245
-13.4922 -13.3777 -11.7720 8.0383
-12.4890 -11.3848 -11.8642 9.6993
-11.8660 -11.1630 -11.7345 10.1204
-11.5401 -11.0864 -11.5283 10.2193
-11.8295 -11.5061 -11.7417 9.8071
-13.2588 -12.8196 -13.2687 8.4517
-12.8477 -11.8369 -13.8129 9.3031
-13.1669 -12.3205 -14.8407 8.9178
-11.5792 -10.6051 -14.1532 10.5848
-12.0250 -11.6859 -14.5465 9.6755
-11.3343 -10.8170 -14.0708 10.4363
-11.5972 -11.3561 -14.1343 9.9841
-12.1979 -11.8517 -14.6933 9.4346
-12.6146 -12.0280 -15.4287 9.2087
-13.4324 -12.6793 -16.8153 8.5398
-13.1722 -12.0918 -17.6145 9.0622
-12.8801 -11.9039 -18.2257 9.3089
-12.2623 -11.4029 -18.3359 9.8287
-11.4906 -10.8784 -17.9217 10.4032
-11.3662 -11.0626 -17.6916 10.2715
-10.6894 -10.4356 -16.8346 10.8800
-11.2276 -11.2444 -16.7864 10.1339
-10.4677 -10.2693 -15.7630 11.0282
-11.3691 -11.4746 -15.9450 9.9203
-11.8378 -11.5828 -16.2351 9.6917
-10.9199 -10.4774 -15.4199 10.7862
-11.0456 -10.9703 -15.0976 10.4039
-11.2799 -11.1543 -14.9592 10.1706
-11.9630 -11.7437 -15.4102 9.5628
-11.9382 -11.4457 -15.5633 9.8019
-12.6543 -12.1717 -16.4423 9.1057
-12.2544 -11.4854 -16.6350 9.7194
-11.7069 -11.0978 -16.4401 10.1756
-10.0879 -9.6978 -14.8452 11.6144
-11.4771 -11.7346 -15.2872 9.7175
-12.0128 -11.7146 -15.7091 9.5338
-11.5793 -11.0668 -15.4833 10.1836
-11.4853 -11.1462 -15.3369 10.1690
-11.5844 -11.2830 -15.3272 10.0243
-11.5262 -11.1851 -15.2196 10.1086
-13.6600 -13.3422 -17.2692 7.9612
-11.1500 -9.9786 -15.9551 11.1091
-10.8419 -10.6746 -15.3371 10.7494
-11.7560 -11.7119 -15.7563 9.6425
-12.3570 -11.9473 -16.4110 9.3035
-12.6330 -11.9828 -17.1011 9.2444
-13.7325 -12.9719 -18.7804 8.2517
-12.7412 -11.5408 -19.0286 9.5839
-10.9031 -10.0993 -17.8352 11.1685
-12.9248 -12.8562 -19.3988 8.5558
-13.9151 -13.0378 -21.1440 8.0985
-12.5901 -11.3167 -21.1681 9.8014
-13.3842 -12.6408 -22.5162 8.6494
-12.6409 -11.5799 -22.8035 9.5780
-12.8076 -12.0439 -23.5547 9.2200
-11.6913 -10.8609 -23.1230 10.3566
-12.1078 -11.7239 -23.5542 9.6119
-11.7213 -11.1708 -23.4324 10.0787
-11.2679 -10.8721 -23.0118 10.4328
-11.1023 -10.8878 -22.6070 10.4469
-10.9572 -10.8089 -22.1232 10.5242
-11.6762 -11.5860 -22.4166 9.7550
-14.1400 -13.7621 -24.8860 7.5012
-12.4038 -11.0404 -24.6338 10.0053
-12.8907 -12.2218 -25.5630 9.0960
-11.6244 -10.7608 -25.0311 10.4389
-12.9761 -12.6190 -26.3575 8.7269
-11.1664 -10.2686 -25.3334 10.8914
-12.3678 -12.1939 -26.2347 9.2011
-12.6029 -11.9485 -26.8905 9.2541
-11.6430 -10.8945 -26.4923 10.3326
-9.3119 -8.9473 -24.1470 12.3851
-11.6701 -12.2379 -25.0923 9.2892
-9.8785 -9.5031 -23.3028 11.6950
-10.4610 -10.8022 -22.8124 10.6694
-12.0773 -12.1856 -23.7053 9.1561
-11.0667 -10.5284 -22.9411 10.6749
-11.2049 -11.0708 -22.7193 10.2982
-11.9519 -11.7626 -23.1892 9.5522
-12.2179 -11.7298 -23.6263 9.5159
-13.9385 -13.3440 -25.6777 7.9049
-12.7362 -11.4534 -25.8385 9.6341
-11.5637 -10.7619 -25.3078 10.5147
-11.3610 -11.0281 -25.0433 10.3176
-11.8763 -11.6246 -25.3752 9.6945
-10.6855 -10.2276 -24.3101 11.0319
-11.6706 -11.6891 -24.7065 9.7101
-11.0524 -10.6768 -24.0907 10.5762
-12.5787 -12.4504 -25.2484 8.9038
-12.2245 -11.4857 -25.4415 9.6912
-11.6035 -11.0064 -25.1552 10.2670
-10.9202 -10.5714 -24.4340 10.7498
-11.3294 -11.2540 -24.3953 10.1108
-11.1886 -10.9495 -24.0521 10.3470
-10.2193 -10.0366 -22.7960 11.2904
-9.8436 -10.0485 -21.5519 11.3698
-11.5005 -11.8558 -22.1150 9.5613
-11.3656 -11.0580 -21.8804 10.1783
-9.9989 -9.7453 -20.3330 11.5708
-10.8326 -11.1257 -20.1660 10.3217
-11.3015 -11.2612 -20.1345 10.0482
-10.1018 -9.8738 -18.7157 11.4220
-10.1487 -10.4006 -17.8237 11.0339
-11.7165 -11.9497 -18.4807 9.4321
-11.6828 -11.2889 -18.4769 9.9381
-12.7972 -12.4167 -19.6010 8.8763
-12.3676 -11.5413 -19.8497 9.6389
-11.0484 -10.3940 -18.9510 10.8738
-12.7074 -12.5807 -20.2391 8.8018
-11.0614 -10.2710 -19.2175 10.8928
-11.8088 -11.6769 -19.6018 9.7179
-12.4209 -11.9901 -20.2992 9.2641
-12.7028 -12.0271 -21.0336 9.1958
-14.2109 -13.4224 -23.1633 7.7968
-12.7786 -11.3869 -23.2576 9.6928
-13.2635 -12.4447 -24.4096 8.8385
-13.9846 -12.9718 -26.0888 8.2056
-12.5988 -11.2976 -26.0938 9.8271
-12.6270 -11.8801 -26.6813 9.4120
-12.4501 -11.6919 -27.0806 9.5420
-11.8558 -11.1684 -26.9563 10.0843
-11.5780 -11.1283 -26.7920 10.1768
-11.9813 -11.6427 -27.1421 9.6664
-12.0778 -11.5779 -27.4273 9.6797
-12.2289 -11.6905 -27.8252 9.5736
-12.1480 -11.5490 -28.0815 9.7038
-12.7947 -12.2281 -29.0170 9.0389
-13.4253 -12.6001 -30.3245 8.5990
-13.4954 -12.4179 -31.4498 8.7440
-11.8703 -10.7648 -30.9219 10.4153
-11.7427 -11.2872 -30.9165 10.0582
-10.7972 -10.3928 -30.0166 10.9004
-10.1389 -10.1127 -28.8366 11.2700
-11.8193 -12.0564 -29.6003 9.3543
-12.7844 -12.3493 -30.6570 8.8670
-13.9744 -13.1533 -32.5176 8.0337
-12.8009 -11.5038 -32.7288 9.6028
-11.4290 -10.6014 -32.0375 10.6702
-10.0734 -9.7944 -30.5393 11.5673
-10.9533 -11.2166 -30.4632 10.2259
-11.8461 -11.7574 -30.9280 9.5428
-11.5181 -11.0724 -30.7077 10.1738
-12.4290 -12.1144 -31.5295 9.2002
-11.8810 -11.2021 -31.4389 10.0084
-11.8333 -11.3735 -31.5197 9.9282
-12.9718 -12.5311 -32.7582 8.7535
-12.5251 -11.6291 -33.0946 9.5397
-11.5475 -10.8301 -32.6321 10.4289
-10.1943 -9.8680 -31.2074 11.4709
-10.5275 -10.7424 -30.6571 10.6927
-9.2685 -9.3501 -28.7146 11.9975
-11.4010 -11.9863 -29.4082 9.5006
-11.3753 -11.1076 -29.2231 10.1157
-11.7170 -11.4595 -29.3900 9.8516
-11.5393 -11.1451 -29.2425 10.1308
-12.6920 -12.3690 -30.3188 8.9384
-12.1802 -11.3961 -30.4222 9.7890
-12.1874 -11.6080 -30.7376 9.6743
-12.2482 -11.6659 -31.1108 9.5952
-12.2635 -11.6569 -31.4751 9.5984
-12.1637 -11.5509 -31.7333 9.7053
-11.8566 -11.2838 -31.7245 9.9830
-10.4468 -9.9968 -30.4286 11.2968
-11.5578 -11.6717 -30.8077 9.7505
-11.6284 -11.2980 -30.8130 9.9568
-13.2983 -12.9396 -32.4600 8.3525
-12.1333 -11.1066 -32.2739 10.0214
-11.7726 -11.2119 -32.1931 10.0994
-12.3560 -11.9397 -32.8401 9.3611
-11.5722 -10.9225 -32.4700 10.3055
-11.9156 -11.5793 -32.7566 9.7504
-12.0377 -11.5641 -33.0281 9.6999
