-5.0204 12.1680 4.6373 11.3367
-5.7523 12.9136 4.0513 10.6125
-6.1984 13.1400 3.5320 10.1518
-5.0487 14.4715 4.6371 11.3089
-5.6268 15.3398 4.1740 10.7352
-6.0973 15.6798 3.6457 10.2532
-7.3009 14.7692 2.3950 9.0554
-4.9373 16.1018 4.6382 11.4236
-6.6326 15.9755 3.1793 9.7404
-6.6883 15.6239 2.9540 9.6610
-6.3010 15.6540 3.3358 10.0653
-5.3016 16.7224 4.3740 11.0653
-6.3513 16.8409 3.4242 10.0117
-7.5015 15.7043 2.1691 8.8516
-6.5307 15.4235 3.0248 9.8328
-7.1531 14.6173 2.4994 9.2219
-6.5565 14.3455 3.0338 9.8088
-7.5957 13.0942 2.0543 8.7759
-5.8847 13.4499 3.6614 10.4809
-6.7563 13.1051 2.9609 9.6196
-7.2082 12.2213 2.4218 9.1506
-6.8604 11.6400 2.7244 9.5071
-5.0435 12.9105 4.5761 11.3286
-7.6907 11.7154 2.1106 8.6779
-5.7449 12.2014 3.7917 10.6056
-6.2566 12.3704 3.4746 10.1203
-7.5680 11.1768 2.1120 8.7895
-6.2031 11.2168 3.3457 10.1594
-7.3050 10.2915 2.3803 9.0706
-5.4336 11.1274 4.1415 10.9284
-5.9054 11.6786 3.8569 10.4677
-6.5265 11.5616 3.1886 9.8279
-7.3366 10.5724 2.3164 9.0225
-6.7862 10.0525 2.7858 9.5790
-6.8195 9.5544 2.8075 9.5539
-5.9727 9.8998 3.6510 10.3952
-5.1565 11.1460 4.5519 11.2117
-5.7257 11.9047 4.0643 10.6341
-6.8725 11.4596 2.8605 9.4790
-8.1957 9.5766 1.4227 8.1615
-6.9163 8.8407 2.5698 9.4524
-5.9557 9.1934 3.6583 10.4263
-7.4656 8.1323 2.2445 8.9036
-6.2586 8.1271 3.3005 10.1009
-4.9015 9.5997 4.7783 11.4731
-4.8844 11.2252 4.9311 11.4782
-6.3357 11.4010 3.4815 10.0133
-4.5966 13.1708 5.0754 11.7522
-5.9705 13.7407 3.8755 10.3928
-5.6940 14.4496 4.0146 10.6520
-5.8740 15.0062 3.8622 10.4857
-6.9056 14.5131 2.8126 9.4513
-6.1134 14.7091 3.5017 10.2453
-5.8709 15.2269 3.8234 10.4981
-5.2274 16.4124 4.4912 11.1338
-9.0486 13.8411 0.7343 7.3101
-6.9491 12.9871 2.4517 9.4031
-4.9184 14.3737 4.6923 11.4721
-5.8562 15.0256 3.9576 10.5133
-6.1966 15.2435 3.5234 10.1526
-5.8578 15.7660 3.8282 10.5008
-5.2309 16.9493 4.4889 11.1310
-7.4222 16.0040 2.3604 8.9364
-5.8467 16.4151 3.7167 10.5056
-8.2963 14.5341 1.4247 8.0780
-6.0383 14.6662 3.4377 10.3202
-6.3000 14.7624 3.4018 10.0830
-5.1100 16.0224 4.5656 11.2504
-7.2237 15.2876 2.5709 9.1393
-5.7322 15.8330 3.8511 10.6189
-5.4710 16.7889 4.2615 10.9013
-7.1596 16.0821 2.5989 9.1977
-5.9724 16.3938 3.6173 10.3823
-6.3540 16.4425 3.3544 10.0176
-6.5384 16.2687 3.1318 9.8213
-6.8444 15.7705 2.8074 9.5191
-6.9779 15.1082 2.6433 9.3875
-7.4702 13.9402 2.1377 8.8983
-6.7163 13.4769 2.8423 9.6535
-7.2584 12.5468 2.3756 9.1163
-6.3203 12.5007 3.2595 10.0468
-4.8029 14.0657 4.8707 11.5697
-6.8160 13.7694 3.0094 9.5472
-5.3468 14.7411 4.2773 11.0013
-5.9774 15.2291 3.7936 10.3908
-5.0518 16.5796 4.6561 11.3017
-6.5013 16.5731 3.2992 9.8585
-6.4493 16.4737 3.2062 9.9012
-6.5064 16.3224 3.1544 9.8587
-7.5668 15.1049 2.0882 8.7977
-4.2108 17.1374 5.3381 12.1542
-8.0059 15.7104 1.8787 8.3698
-6.3234 15.5864 3.1817 10.0187
-6.7341 15.2199 2.9392 9.6459
-6.2529 15.2936 3.3793 10.1103
-7.8059 13.8624 1.8745 8.5615
-5.4409 14.6410 4.0842 10.9217
-6.4991 14.5978 3.2625 9.8790
-6.5791 14.3688 3.0767 9.7754
-4.9203 15.7906 4.7274 11.4447
-5.8333 16.4653 3.9803 10.5325
-4.6979 18.1841 5.0244 11.6513
-5.2157 19.4985 4.6201 11.1426
-7.0256 18.9514 2.7585 9.3214
-6.5533 18.6955 3.0498 9.7989
-5.0975 19.9427 4.5528 11.2728
-6.9074 19.5256 2.8885 9.4581
-6.3844 19.4504 3.2305 9.9665
-6.8105 19.0014 2.8567 9.5585
-5.9016 19.4188 3.7230 10.4622
-5.3346 20.4940 4.3809 11.0335
-7.0755 19.8851 2.6967 9.2835
-6.7943 19.3832 2.8038 9.5590
-5.3668 20.3370 4.2594 11.0039
-4.7531 22.0472 5.0158 11.6148
-5.5723 22.9996 4.2581 10.7814
-7.8156 21.6267 1.9328 8.5319
-6.2868 21.5583 3.2372 10.0689
-6.0568 21.8728 3.6202 10.3214
-6.3215 21.9457 3.3785 10.0414
-6.8968 21.4167 2.7767 9.4638
-8.0661 19.6609 1.5498 8.2971
-4.9864 20.8679 4.5126 11.3825
-5.4398 21.9294 4.3672 10.9409
-5.7327 22.6527 4.0289 10.6171
-6.8045 22.2749 2.9279 9.5499
-7.6341 20.9604 1.9911 8.7233
-5.6531 21.5440 3.8892 10.7150
-7.2960 20.6827 2.4444 9.0804
-6.5101 20.4429 3.0659 9.8464
-5.0993 21.6926 4.5553 11.2737
-5.5285 22.6542 4.2672 10.8366
-6.7763 22.3251 2.9765 9.5747
-5.9561 22.6913 3.6719 10.3991
-7.0672 22.0285 2.6428 9.3006
-7.0775 21.2443 2.5214 9.2821
-6.4904 21.0462 3.1075 9.8803
-7.6379 19.7592 2.0187 8.7329
-4.3479 21.6475 5.1940 12.0170
-6.0614 22.1514 3.8095 10.3150
-7.1562 21.3890 2.5433 9.1873
-6.2914 21.3821 3.2987 10.0692
-5.4104 22.3425 4.2661 10.9612
-6.6327 22.1688 3.1319 9.7302
-6.5666 21.9389 3.0758 9.7875
-5.5656 22.7167 4.0834 10.8008
-4.9669 24.1932 4.7822 11.3988
-5.6346 25.0620 4.1744 10.7211
-6.3008 25.1978 3.4414 10.0489
-5.8394 25.7283 3.8362 10.5170
-6.3928 25.7515 3.3289 9.9702
-6.8090 25.3032 2.8574 9.5494
-6.9776 24.6448 2.6472 9.3864
-7.0874 23.8596 2.5205 9.2807
-7.1383 23.0126 2.4586 9.2315
-6.2753 23.0234 3.3165 10.0956
-7.9609 21.4350 1.7172 8.4105
-6.3319 21.3070 3.1776 10.0308
-7.8800 19.7938 1.7924 8.4996
-6.4804 19.5254 3.0373 9.8829
-7.2722 18.6051 2.3854 9.1066
-6.1269 18.7510 3.4515 10.2379
-5.4142 19.7241 4.2788 10.9586
-8.1385 18.0441 1.6257 8.2227
-6.9348 17.2955 2.5570 9.4194
-7.0555 16.5465 2.5566 9.3259
-6.7551 16.0858 2.8449 9.6142
-6.5183 15.8920 3.1118 9.8522
-7.2772 14.9629 2.3766 9.0904
-6.5286 14.7067 3.0494 9.8366
-5.3539 15.6999 4.2989 11.0189
-6.3206 15.8440 3.4497 10.0447
-6.8670 15.3449 2.8066 9.4865
-6.0079 15.6503 3.6111 10.3553
-5.8553 16.1942 3.8495 10.5134
-8.1911 14.4176 1.5290 8.1690
-6.3557 14.2428 3.1308 10.0028
-4.3777 16.2295 5.2924 12.0042
-6.5049 16.2868 3.3630 9.8587
-6.1747 16.4616 3.4804 10.1690
-4.8062 18.0379 4.8819 11.5588
-7.7243 16.8330 2.1007 8.6374
-5.3745 17.6860 4.1587 10.9736
-6.7699 17.3787 2.9983 9.6074
-6.0750 17.6267 3.5537 10.2787
-5.7898 18.2294 3.9083 10.5779
-6.6287 18.0217 3.0979 9.7320
-6.9731 17.3857 2.6696 9.3848
-5.6607 18.0277 3.9477 10.7056
-6.5570 17.9046 3.1826 9.8127
-6.2356 18.0133 3.4143 10.1210
-5.7800 18.6098 3.9021 10.5856
-5.5207 19.5111 4.2069 10.8417
-6.6962 19.2628 3.0574 9.6616
-7.3036 18.2896 2.3324 9.0516
-5.8435 18.7157 3.7318 10.5235
-5.1051 20.0263 4.6162 11.2680
-7.1095 19.4063 2.6857 9.2490
-5.7896 19.9058 3.8051 10.5614
-5.0067 21.3201 4.7199 11.3644
-6.5721 21.2472 3.2328 9.7858
