-13.2710 2.8951 8.5086 10.5661
-14.0311 2.0818 7.5425 9.3429
-12.5427 4.6557 9.7911 11.1084
-13.5678 1.1125 7.2775 9.7191
-13.6740 3.4488 8.1964 9.3813
-14.0373 2.2572 7.9393 9.5836
-13.0472 4.0873 9.2927 10.8085
-11.8690 3.5433 9.4808 11.6732
-10.5814 3.8704 9.5903 11.8767
-9.1788 3.8545 9.7052 12.0464
-10.6015 1.0354 6.8798 9.2785
-10.2410 3.9464 8.6631 9.6491
-10.2322 2.4302 8.3114 10.1891
-10.8635 2.3966 7.6713 9.3731
-10.6816 3.2233 8.4845 9.8663
-10.9972 2.3950 7.9869 9.7753
-12.2370 1.8022 7.0628 8.6024
-13.0435 2.4726 7.4961 8.5736
-14.0101 2.0444 7.3360 8.6302
-14.9107 2.2817 7.4020 8.6161
-15.0450 2.9531 8.1683 9.4154
-14.8481 3.0156 8.4995 10.1297
-15.8323 1.8096 7.3184 9.1143
-17.3863 1.7222 6.7487 7.9540
-18.4431 2.2543 7.2458 8.1662
-17.8378 3.7036 8.9079 10.0769
-16.9763 3.3801 9.1641 11.1642
-18.4018 1.2224 6.8771 9.0052
-18.0539 3.8589 8.6505 9.6351
-18.5101 2.0003 7.8465 9.7178
-19.4460 2.2640 7.3667 8.8360
-19.1664 3.3740 8.5822 9.8116
-20.5605 1.2564 6.9086 8.7457
-21.9423 2.1156 6.9208 7.9211
-22.3292 2.7669 7.9157 8.9222
-24.6541 0.5683 5.9777 7.4816
-25.4710 2.9557 7.4857 8.0206
-26.8180 1.4707 6.9556 8.2446
-28.6079 1.6218 6.5127 7.5366
-29.5011 2.4581 7.4095 8.2119
-29.4673 3.0505 8.3364 9.5872
-29.7899 2.4571 7.9799 9.6942
-27.5994 5.2077 10.4931 12.0292
-27.7792 1.7372 8.1228 10.9155
-28.6763 2.4081 7.4056 9.0131
-27.9758 3.7372 9.0030 10.2519
-27.3650 3.1159 8.9134 10.9610
-28.3172 1.8014 7.3504 9.3532
-28.4428 3.1538 8.1770 9.3983
-29.6267 1.5547 7.1188 8.7534
-30.0076 2.9972 7.9217 9.0272
-30.3377 2.4710 7.9725 9.4794
-28.2417 5.1077 10.3987 11.9310
-27.5711 2.6274 8.9731 11.7185
-28.7612 1.7590 7.1126 9.1452
-30.2146 1.8430 6.8492 7.9516
-30.9375 2.5399 7.5797 8.5504
-30.6015 3.3201 8.6387 9.9746
-28.7357 4.5378 10.1684 12.0338
-29.3577 1.5629 7.6806 10.3109
-29.5380 3.1945 8.1222 9.5086
-31.1327 1.1275 6.7079 8.3151
-29.9318 4.7499 9.5036 10.4036
-29.3464 2.6854 8.8880 11.1859
-28.4713 3.8009 9.1777 11.1678
-27.7424 3.2086 9.0316 11.1665
-29.8334 0.6255 6.2116 8.2734
-28.7149 4.8683 9.4211 10.0730
-28.7847 1.9829 8.2328 10.4895
-29.4036 2.5880 7.6837 9.3462
-29.8675 2.5010 7.8388 9.2267
-28.7826 4.0845 9.3875 10.8529
-26.8821 4.2667 10.2031 12.4429
-25.8686 3.3068 9.3161 11.9637
-24.0595 4.4864 10.1117 12.3158
-24.6053 1.6597 7.7568 10.3588
-26.1346 1.8068 6.7733 8.1978
-26.5296 2.8823 7.9076 8.8404
-27.6132 1.7635 7.2191 8.7190
-28.7250 2.1827 7.1907 8.3463
-29.1049 2.7470 7.9227 9.0642
-30.6074 1.3987 6.8001 8.3075
-31.5167 2.5313 7.3934 8.3395
-31.6305 2.8736 8.1887 9.4315
-31.5215 2.9596 8.4117 10.0521
-32.3166 2.0210 7.5074 9.2594
-32.5855 2.9227 8.0337 9.3335
-32.6183 2.7981 8.2698 9.8328
-32.9801 2.5190 7.9409 9.6218
-32.2809 3.6916 9.0018 10.5183
-33.1902 1.6141 7.3933 9.4403
-32.7372 3.8073 8.7556 9.9983
-31.2359 3.9784 9.8040 11.7278
-29.5668 4.0777 9.9717 12.4197
-30.0917 1.8440 7.7777 10.3096
-29.5915 3.7626 8.8028 10.2377
-30.5716 1.5150 7.3226 9.2701
-30.1031 3.8625 8.7711 9.9784
-31.7752 0.7829 6.6305 8.5621
-33.5005 1.9616 6.5773 7.4387
-34.4213 2.2946 7.3819 8.2166
-36.2563 1.2472 6.4676 7.7046
-35.7560 4.0013 8.8028 9.5827
-35.6854 2.4701 8.3733 10.3208
-34.6973 4.0001 9.2907 11.0234
-34.3901 2.7071 8.6098 10.8012
-33.7398 3.5674 8.9529 10.8039
-34.7268 1.5861 7.3157 9.3382
-33.8594 4.2330 9.1700 10.3739
-33.8871 2.2791 8.2749 10.4060
-34.5451 2.4303 7.6446 9.3282
-33.4069 4.1661 9.4408 10.8092
-32.6610 3.0794 9.0484 11.3149
-32.8486 2.5807 8.1150 10.1853
-32.5720 3.2443 8.5792 10.1828
-32.9481 2.3262 7.9265 9.7622
-33.7950 2.2226 7.4557 8.9650
-33.5856 3.3204 8.5120 9.7860
-33.8570 2.4005 8.0312 9.8333
-34.2469 2.6499 7.9127 9.4744
-33.8847 3.3022 8.6648 10.1672
-34.3617 2.2021 7.8256 9.7041
-34.6887 2.7922 7.9756 9.4345
-33.0220 4.5498 9.9693 11.5032
-35.2939 -0.0919 6.0307 8.5614
-36.0600 3.2707 7.5366 8.0980
-37.3300 1.4217 7.0326 8.3470
-35.2931 5.4682 10.3395 11.4019
-35.5497 1.5561 8.0460 10.7618
-33.9120 5.0152 9.9403 11.5094
-33.7335 2.1724 8.4811 10.9974
-33.6718 3.1927 8.3643 10.1510
-34.8493 1.5454 7.1252 8.8534
-35.9226 2.3085 7.2293 8.3379
-35.9934 3.0058 8.2318 9.3925
-36.6167 2.1745 7.6794 9.3413
-34.5492 5.1977 10.3701 11.7559
-35.6918 0.7783 7.1600 9.8912
-34.3004 5.0800 9.6940 10.8200
-33.8756 2.3928 8.7275 11.1205
-34.2164 2.7021 7.9618 9.8716
-35.2508 1.8848 7.2682 8.7952
-35.9986 2.4982 7.5547 8.7349
-36.6771 2.3223 7.6242 8.9476
-38.0271 1.7210 6.9525 8.3107
-36.5024 4.8363 9.8273 10.8497
-37.3169 1.2510 7.4881 9.9479
-38.5341 2.2824 7.0854 8.3755
-38.5172 3.1040 8.3195 9.4083
-38.4971 2.7785 8.3227 10.0285
-39.8805 1.5053 6.9193 8.6267
-40.3550 2.9234 7.8281 8.8338
-40.1117 3.0739 8.5459 10.0060
-38.8250 4.0571 9.5893 11.4084
-39.1761 2.0261 7.9516 10.2923
-38.2541 4.1115 9.2246 10.7464
-39.8729 0.7366 6.6838 8.8422
-40.2792 3.2991 7.8964 8.7843
-40.1072 2.8524 8.4746 9.9689
-42.5255 0.4407 5.8843 7.6676
-42.3009 4.0483 8.5272 9.0154
-42.9246 1.7571 7.6790 9.4887
-44.0362 2.1855 7.1910 8.5765
-42.8610 4.3011 9.4779 10.6194
-42.5666 2.5740 8.5970 10.8820
-43.3198 2.2172 7.5493 9.3939
-43.6881 2.7449 7.9344 9.2551
-45.1294 1.4607 6.8613 8.3745
-46.1824 2.3627 7.2496 8.2263
-44.8168 4.4205 9.6682 10.8391
-42.8110 4.2376 10.3084 12.6886
-42.0520 3.0640 9.0617 11.7620
-42.7890 2.0374 7.5656 9.6425
-42.4455 3.5285 8.6460 9.9749
-42.9881 2.0460 7.7600 9.6291
-43.6930 2.4767 7.5977 9.0238
-42.7047 3.9976 9.2909 10.6359
-40.7113 4.3944 10.2961 12.4876
-40.4356 2.5178 8.5782 11.2723
-39.4528 3.9757 9.2854 11.1206
-40.1490 1.7135 7.6064 9.7952
-40.4170 3.0466 8.0346 9.3839
-40.7558 2.4425 7.9638 9.5272
-39.4295 4.3493 9.6290 11.1570
-39.8770 1.8127 7.8550 10.2156
-39.8535 3.2984 8.3261 9.7997
-39.2491 3.2850 8.9070 10.6161
-39.6791 2.2560 7.8726 9.8722
-40.6072 2.1695 7.3745 8.8569
-40.8278 2.9116 8.0820 9.3153
-41.5453 2.1179 7.5852 9.1722
-42.0889 2.6092 7.7590 9.0977
-41.2145 3.8307 9.1770 10.6026
-41.3260 2.3562 8.1911 10.3257
-40.5048 3.8787 9.1239 10.7655
-41.8669 1.0864 6.9405 9.0485
-41.9643 3.4680 8.2052 9.2215
-43.2075 1.3696 7.0594 8.7081
-43.2207 3.4389 8.2894 9.3652
-44.3948 1.4504 7.1285 8.8193
-44.0731 3.7415 8.6243 9.7346
