-4.4467 0.4644 9.4718 10.1714
-4.8017 0.0189 9.2376 9.6269
-6.1679 -1.7927 7.7309 8.5447
-4.3324 -1.7688 8.6624 11.4732
-5.3397 -2.7523 8.2140 8.9974
-4.0555 -2.4515 9.2292 11.0875
-6.8664 -4.9616 7.0274 7.2493
-4.2125 -4.8179 8.3602 12.1519
-4.5305 -4.9921 8.8419 9.7108
-3.9923 -4.6281 9.6692 10.5034
-4.8892 -5.1610 9.2686 9.1759
-5.4487 -6.2535 8.4687 9.3339
-4.5197 -6.4169 8.9178 10.7106
-4.1291 -6.1897 9.5779 10.3579
-5.2496 -7.0830 8.8534 8.9249
-5.4512 -8.1780 8.2171 9.6197
-4.7980 -8.6197 8.4885 10.4343
-6.0596 -10.3230 7.3898 8.6500
-6.1855 -12.1522 6.6047 9.5335
-6.2422 -14.0381 6.0769 9.5775
-4.0358 -13.7176 7.9666 11.8292
-4.1834 -13.5448 8.9528 9.9165
-4.2971 -13.4857 9.4308 9.9208
-1.1273 -10.2567 12.8874 13.1816
-3.9056 -9.8061 12.1831 7.8675
-3.7204 -9.1703 11.9457 10.2753
-4.5466 -9.3606 10.9771 9.3010
-5.9791 -10.9835 8.9634 8.5294
-3.0469 -9.6742 10.6873 12.6076
-3.1912 -8.5092 11.5774 10.1176
-3.9043 -8.0572 11.3984 9.5200
-6.3935 -10.0944 8.8018 7.6012
-3.6695 -9.4076 9.9679 12.3166
-4.0198 -9.0711 10.3172 9.7871
-2.2233 -6.9381 12.3233 11.8638
-4.2929 -6.8747 11.4574 8.3570
-5.0480 -7.5664 10.1827 9.2576
-5.2946 -8.5047 9.1713 9.6150
-4.6602 -8.8086 9.1989 10.4468
-4.7941 -9.2465 9.0815 9.8053
-3.2785 -8.1688 10.5266 11.4280
-2.0934 -5.9059 12.5788 11.4006
-5.5826 -7.1323 10.3210 6.9634
-4.5463 -7.3223 10.0025 10.7910
-4.5692 -7.5352 9.7886 9.9392
-6.1433 -9.3222 8.0862 8.3833
-4.1808 -9.1468 9.0271 11.6050
-4.8608 -9.6513 8.9118 9.3552
-4.9675 -10.2626 8.7358 9.7924
-3.1744 -9.0807 10.4234 11.6708
-3.6968 -8.4212 10.9135 9.7140
-5.0835 -9.1484 9.8209 8.7452
-3.4887 -8.2809 10.7601 11.4494
-4.7259 -8.6505 10.0865 8.9363
-4.9755 -9.2697 9.4327 9.6765
-4.3720 -9.2853 9.6439 10.4797
-5.3714 -10.3005 8.7712 8.9974
-4.7614 -10.7057 8.8576 10.4070
-4.8730 -11.2224 8.7978 9.8074
-4.6392 -11.5054 8.9957 10.1305
-4.4771 -11.6262 9.2766 10.1055
-2.3826 -9.6525 11.5396 12.0704
-3.5847 -8.8809 11.6954 9.1926
-4.8472 -9.3719 10.5262 8.8918
-3.4152 -8.4309 11.2568 11.3338
-3.5327 -7.6074 11.5776 10.0707
-3.4026 -6.6537 11.9003 10.2949
-4.3067 -6.6041 11.1897 9.2866
-5.6994 -7.9472 9.3707 8.6173
-3.7357 -7.3266 10.2430 11.6950
-3.9918 -6.9621 10.5103 9.8680
-5.3534 -7.9593 9.3090 8.7112
-2.4840 -6.0870 11.4577 12.6700
-4.7027 -6.4335 10.5281 8.1557
-3.5215 -5.5988 11.1516 11.1120
-5.3724 -6.6149 9.6748 8.3160
-2.9490 -5.2077 11.2121 12.2201
-4.6260 -5.4774 10.4575 8.6045
-4.8871 -6.0083 9.7436 9.6849
-3.5055 -5.1575 10.6970 11.2755
-4.5905 -5.3918 10.1840 9.0852
-2.6534 -3.6889 11.8133 11.8903
-2.5210 -1.8536 12.9232 10.4730
-4.2349 -1.7323 11.8753 8.6531
-1.8761 0.7479 13.6053 12.3831
-4.9540 0.1502 11.5655 7.4182
-5.1934 -0.6870 10.1021 9.6410
-5.6324 -1.9631 8.7851 9.3935
-5.5972 -3.2041 8.0301 9.7800
-3.9346 -2.7824 9.2397 11.4144
-4.7685 -3.1947 9.1315 9.2504
-3.5955 -2.4340 10.2397 11.0906
-4.0505 -2.1282 10.4495 9.6971
-4.9888 -2.7608 9.6372 9.1228
-4.8014 -3.2059 9.3372 10.0610
-5.2127 -4.0624 8.7459 9.4996
-4.1464 -3.8525 9.4574 10.8950
-4.5951 -4.0914 9.4356 9.5932
-3.5290 -3.2641 10.4886 11.0184
-7.3847 -6.2925 7.2647 6.3097
-2.5269 -4.4632 10.1882 14.2521
-5.4804 -5.5873 8.9888 7.4124
-3.5279 -4.7590 10.2216 11.7276
-6.2135 -6.6162 8.2757 7.4800
-3.6960 -5.9559 9.6257 12.1461
-5.5637 -7.1633 8.5680 8.2644
-2.0156 -4.8226 11.4815 13.3066
-4.3199 -4.7863 10.9253 8.1638
-4.2565 -4.6865 10.6549 10.0706
-5.1510 -5.4813 9.5982 9.1255
-4.7384 -5.8634 9.3768 10.2537
-4.3230 -5.8302 9.6593 10.3389
-4.3325 -5.8064 9.8194 9.9972
-4.5297 -5.9798 9.7182 9.8076
-5.6898 -7.3133 8.4974 8.8052
-5.5266 -8.4837 7.9281 9.8965
-3.9242 -8.0516 9.1889 11.3683
-3.9282 -7.6236 9.9414 10.0824
-5.1996 -8.4668 9.1216 8.8143
-2.6267 -6.7372 11.2025 12.4042
-4.3320 -6.7130 10.7458 8.6406
-2.8927 -5.2494 11.9111 11.4442
-5.0533 -5.9464 10.4496 8.1321
-2.7539 -4.3441 11.8721 12.1600
-4.0986 -4.0864 11.3809 8.9758
-3.7021 -3.4322 11.4828 10.4481
-5.6320 -4.7080 9.6139 8.2009
-4.2717 -4.6234 9.8529 11.1051
-2.4758 -2.7430 11.7922 11.8128
-4.3323 -2.7190 11.0993 8.5196
-4.2745 -2.6372 10.7414 10.0626
-3.4150 -1.6960 11.3861 10.8758
-3.6515 -0.9912 11.5364 9.9518
-4.4437 -1.0786 10.8345 9.3488
-4.0570 -0.7793 10.8000 10.3692
-3.6166 -0.0396 11.2197 10.5003
-4.3501 -0.0334 10.7380 9.4144
-5.3768 -1.0539 9.4223 8.9745
-3.2169 0.0854 10.7927 11.9557
-4.1286 0.3130 10.7032 9.3162
-4.2870 0.3823 10.4912 9.8871
-3.2191 1.5195 11.4319 11.0818
-6.1422 -0.2665 9.0732 7.3043
-3.1469 0.9428 10.6532 12.6381
-4.1855 1.1136 10.5627 9.2033
-3.8511 1.6188 10.8428 10.3686
-3.4016 2.5734 11.4603 10.5505
-5.9500 0.9797 9.2824 7.6425
-2.4291 2.9068 11.4966 13.2022
-4.4909 2.7722 10.7634 8.3237
-6.6282 0.5003 8.1861 7.8357
-5.9978 -1.1412 7.2701 10.1760
-3.0835 0.1315 9.6348 12.5859
-4.1762 0.3116 9.9610 9.1619
-4.4102 0.2577 9.9227 9.8020
-4.0450 0.5690 10.2649 10.3544
-5.3323 -0.4070 9.1829 8.7749
-3.9912 -0.0420 9.8748 11.1458
-4.8664 -0.5521 9.4147 9.1978
-4.0947 -0.2906 9.9104 10.6697
-2.7558 1.3099 11.5467 11.3913
-3.7248 1.9414 11.5595 9.3511
-2.9521 3.3455 12.3398 10.8990
-3.1780 4.5237 12.5821 10.0550
-4.2560 4.6240 11.6496 9.1577
-4.5269 4.4534 10.8191 9.7491
-3.6453 5.1643 11.2024 10.8475
-5.5242 3.9964 9.5535 8.2634
-4.4861 3.8665 9.6022 10.8045
-3.8146 4.4081 10.3030 10.6455
-3.7995 4.9649 10.7385 10.1235
-4.9647 4.3564 9.8346 8.9461
-4.1284 4.5843 10.1286 10.7146
-4.3487 4.5918 10.0848 9.8253
-5.5129 3.4352 8.8942 8.8373
-5.2732 2.5183 8.4196 10.0084
-4.7900 2.0846 8.6181 10.2998
-3.2880 3.1529 10.2391 11.4153
-3.6313 3.8779 10.8685 9.8704
-3.0320 5.2022 11.8454 10.7443
-3.4757 6.0827 11.9878 9.8211
-4.0201 6.4188 11.5288 9.6317
-4.3246 6.4505 10.9490 9.7628
-4.1504 6.6564 10.7752 10.1805
-3.0491 7.9635 11.7723 11.1424
-4.0877 8.2321 11.3320 9.2229
-3.3322 9.2562 11.8232 10.8092
-4.3900 9.2224 11.0602 9.1470
-6.4471 7.1316 8.5453 7.9362
-4.6723 6.8156 8.8111 11.3566
-4.2233 6.9485 9.4196 10.3858
-5.0213 6.2835 8.9867 9.2286
-4.4030 6.2367 9.3453 10.4853
-5.8605 4.7325 8.1029 8.5332
-5.0296 4.0591 8.1884 10.5301
-5.1567 3.2587 8.1127 9.7383
-4.5845 3.0305 8.6394 10.4121
-3.8961 3.4907 9.6438 10.6427
-3.7898 4.0571 10.3527 10.1983
-3.3096 5.1038 11.2583 10.5935
-3.3477 6.1123 11.7635 10.1712
