0.1887 8.8479 8.2542 -0.3595
2.7766 10.7545 9.0969 -0.0084
0.2718 9.1554 8.3404 -0.0823
2.8863 10.8932 9.3219 0.3763
1.8827 10.8047 10.2148 1.6780
2.6889 11.2597 11.5626 2.0622
1.4971 10.3500 12.0009 1.5165
2.2438 10.6795 12.7686 1.1183
0.7813 9.4784 12.3352 0.1808
0.2504 8.4356 10.8590 -1.8229
1.4023 9.4018 10.3490 -1.6910
2.1986 10.6012 11.0384 0.2814
0.7728 9.4541 10.5808 0.0939
1.8528 10.0351 10.7040 -0.2429
2.4254 10.9856 11.7779 1.1725
2.7241 11.4847 13.3508 2.4320
0.9695 9.8347 13.2737 1.1812
0.8288 9.0799 12.4418 -0.8936
1.0008 9.2027 11.7327 -1.3747
3.5337 11.7958 13.6167 1.3167
-1.0849 8.0637 11.7686 -0.3409
2.5878 10.1199 11.9767 -1.2704
0.7709 9.5884 11.6533 -0.1569
1.6405 9.8221 11.5636 -0.3484
-0.3519 8.1341 9.7859 -1.8495
0.6569 8.4456 8.3197 -2.8884
3.3536 11.4953 9.9032 0.4106
-0.9285 8.1570 8.1485 -0.4879
3.8410 11.4278 9.6645 0.1122
0.3426 9.5987 9.3514 0.8997
1.6372 9.6689 9.1085 -0.4934
1.0592 9.5440 8.7407 -0.5621
0.7062 8.9887 7.8176 -1.2174
2.4547 10.6136 8.5194 -0.0367
0.8004 9.5714 8.1790 0.2211
2.1019 10.2938 8.5611 0.1097
2.2252 10.8726 9.5219 1.2665
1.5619 10.2525 9.8626 1.1094
1.4221 9.8806 9.8315 0.2414
2.8028 11.2124 11.1320 1.2756
-0.1578 8.7350 9.9552 -0.1363
1.0788 8.9354 8.9788 -1.9178
1.4387 9.7281 8.7952 -0.9648
-0.3500 8.0653 6.9487 -1.9934
2.7152 10.5045 7.5414 -0.8845
0.4671 9.3292 6.9588 -0.1084
1.4954 9.5706 6.6177 -0.8072
0.9039 9.3390 6.0450 -0.8457
3.6710 11.8992 8.0324 1.5292
0.1070 9.3036 7.4242 0.9817
1.9465 9.8957 7.4081 -0.5027
0.8196 9.4126 6.9089 -0.5121
1.8758 10.0744 7.0715 -0.2367
1.3898 9.9581 7.1178 0.1764
2.2517 10.6499 7.8559 0.7752
0.0219 8.7218 6.6659 -0.5995
1.6457 9.5651 6.3193 -1.2987
-0.3922 8.0956 4.5031 -2.0935
2.4015 10.1760 4.7673 -1.1887
2.0972 10.8495 5.7050 1.1491
1.6745 10.3203 6.1135 1.1586
0.5767 9.0746 5.2763 -0.5104
2.3116 10.4253 5.7898 -0.1563
0.6606 9.3815 5.2595 -0.1195
1.6080 9.7510 5.0987 -0.5850
1.9235 10.3981 5.5850 0.3577
-0.3026 8.2824 3.9556 -1.2404
1.2153 9.0211 3.0649 -2.1942
1.1283 9.4655 2.6186 -1.1588
1.8704 10.1771 2.8840 -0.0917
1.1197 9.6861 2.6583 -0.0134
1.4500 9.7537 2.5002 -0.3386
1.0095 9.4288 2.0173 -0.6094
3.4771 11.7423 3.8477 1.4441
1.1034 10.2322 4.1681 1.7848
0.6435 8.9415 3.1978 -0.7140
2.1930 10.3300 3.6161 -0.3580
-0.9031 7.7762 1.4806 -1.8009
3.2265 10.8222 2.3910 -0.7980
-1.2881 7.7529 0.2321 -1.4306
3.0482 10.5091 0.8294 -1.1297
-0.7454 8.2333 -0.8491 -1.2006
2.0425 9.6934 -1.0675 -1.5612
-0.0280 8.5986 -2.3807 -1.4879
2.2374 10.1394 -2.1531 -0.8229
0.5442 9.2391 -2.8258 -0.4906
1.3648 9.4670 -3.2706 -0.9829
3.2495 11.6390 -1.5434 1.3714
-0.1483 8.9008 -2.5544 0.3707
2.9008 10.7607 -1.7055 0.0401
0.2180 9.1450 -2.4722 -0.0876
1.5231 9.5112 -2.8728 -1.0140
2.7369 11.1818 -1.6027 0.9496
1.5203 10.3900 -1.1245 1.4943
1.9107 10.3546 -0.6818 0.8253
2.4855 11.0660 0.4725 1.5084
0.5420 9.3237 -0.1156 0.3353
1.6437 9.7452 -0.2823 -0.6371
1.8210 10.3081 0.1141 0.2630
1.5881 10.1373 0.3396 0.5426
2.3612 10.8288 1.2566 1.0974
-0.5861 8.1521 -0.5030 -1.0260
1.2975 9.0042 -1.4106 -2.3153
0.2846 8.6505 -2.6719 -1.9873
0.3537 8.3651 -4.2186 -2.5558
2.4643 10.4998 -3.6306 -0.6493
0.6948 9.4691 -4.0733 0.0278
0.7005 8.8555 -5.1296 -1.4105
1.5549 9.7119 -5.3294 -1.0449
-0.2828 8.1732 -7.0680 -1.8985
0.8757 8.6885 -8.2913 -2.6142
2.0059 10.2242 -7.9789 -0.6662
-0.4322 8.1816 -9.7091 -1.4802
3.6551 11.4156 -8.2053 0.1197
-0.5941 8.5969 -9.5202 -0.1118
2.1529 9.8567 -9.5753 -1.1070
0.5216 9.1869 -10.3001 -0.7689
1.6475 9.7419 -10.4700 -0.7498
1.8353 10.3237 -10.0581 0.2760
2.5810 11.1351 -8.8347 1.5529
2.3119 11.1271 -7.6194 2.1940
0.7646 9.4855 -8.0457 0.5460
1.5529 9.7323 -8.2252 -0.5205
1.7009 10.1562 -7.9809 0.1007
3.0642 11.5713 -6.3214 1.8550
1.8270 10.8113 -5.4219 2.2271
-0.2784 8.2729 -7.0608 -0.9193
1.3639 9.1783 -7.7943 -2.0446
0.3973 8.7865 -8.9196 -1.7121
0.9206 8.9714 -9.8600 -1.8406
2.3942 10.6282 -9.1436 -0.0359
0.6926 9.4423 -9.6130 0.1037
3.3576 11.5118 -8.0130 1.2244
1.3507 10.4376 -7.4872 1.8059
1.8484 10.2330 -7.1660 0.7419
3.4483 12.0070 -5.0707 2.3522
0.4030 9.5217 -5.4608 1.2861
2.2278 10.2806 -5.0920 0.0567
1.8325 10.5240 -4.4798 0.9073
0.7154 9.2686 -5.1230 -0.1534
1.9363 10.0985 -4.9362 -0.3278
-0.0956 8.4939 -6.3541 -1.2684
3.0670 10.9453 -5.3205 -0.1007
2.8248 11.8100 -3.4222 2.7251
1.3193 10.2198 -3.1143 1.8266
-0.6501 7.7234 -5.3026 -1.9420
4.1090 11.7933 -3.4211 0.1308
-0.7182 8.6317 -4.7012 0.2252
0.9820 8.6424 -5.9705 -2.2934
0.7948 9.0503 -6.8320 -1.8770
1.4528 9.6427 -7.1011 -0.9583
0.1030 8.5233 -8.4896 -1.6037
5.0129 12.9608 -5.4406 1.9382
-0.6864 8.9799 -6.3725 1.5073
3.1248 10.7963 -5.4879 0.1391
1.5910 10.5965 -4.8032 1.3924
0.5965 9.0652 -5.6498 -0.2988
0.8711 8.9917 -6.5699 -1.5974
3.3770 11.5937 -4.8879 0.9459
1.5430 10.6368 -4.1629 2.0705
0.3587 8.8106 -5.2642 -0.5212
1.5944 9.6318 -5.5442 -1.1610
1.3291 9.7990 -5.6570 -0.3368
2.1726 10.5495 -5.0193 0.5475
2.2166 10.8888 -4.0423 1.4872
2.2271 10.9147 -3.0394 1.7845
2.1956 10.8869 -2.0643 1.7774
1.5293 10.2095 -1.7665 1.0778
3.1473 11.5943 -0.0840 1.9207
0.0571 9.0705 -0.9253 0.5047
4.0619 11.9936 1.1565 1.4088
1.2575 10.5909 1.8357 2.3446
3.0185 11.3704 3.2943 2.0019
0.7223 9.6905 3.0730 0.9456
0.9734 9.1380 2.2992 -0.9508
2.1979 10.4504 2.8379 -0.0804
1.7073 10.3884 3.3144 0.9075
1.8925 10.4018 3.8045 0.8713
1.5435 10.1176 4.0103 0.5979
2.1400 10.5920 4.6905 0.8449
1.7510 10.4118 5.1905 1.0442
0.6175 9.1421 4.4209 -0.3696
0.4170 8.5449 3.0540 -1.9826
2.3126 10.3703 3.5126 -0.6350
1.3630 10.0841 3.6849 0.5392
2.0185 10.4073 4.1804 0.6334
-0.1903 8.4279 2.6966 -1.0874
1.4199 9.2651 2.0499 -1.8338
1.7029 10.1116 2.2498 -0.3175
2.7489 11.2566 3.5946 1.5048
-0.1599 8.7140 2.3968 -0.1219
2.1871 10.0429 2.5279 -0.8271
1.4539 10.1311 2.7472 0.3242
1.7768 10.1974 3.0329 0.4611
0.5675 9.1012 2.2223 -0.5821
0.9846 9.0950 1.4055 -1.4652
1.1069 9.3633 0.8570 -1.2019
1.6813 9.9805 0.9258 -0.3701
1.8982 10.3984 1.4124 0.5416
3.4039 11.9800 3.4806 2.4575
-0.7898 8.3133 1.8822 0.0561
