-4.4687 -0.2724 -0.9512 -1.1084
-5.5994 -1.6043 -2.6644 -2.1792
-2.5628 1.9651 -1.3410 -0.0472
-5.7305 -2.6303 -3.1853 -0.7855
-3.0569 1.8814 -2.3560 -0.6461
-5.0297 -1.8961 -3.4996 -0.4801
-3.8332 0.8114 -3.4466 -0.8619
-4.1177 -0.5561 -3.6781 -0.1892
-3.0986 1.0100 -2.8905 0.6024
-2.4880 0.9942 -1.4923 2.0282
-4.1414 -0.6529 -1.7476 0.8633
-2.5563 1.5910 -0.4177 1.1257
-5.3169 -2.0671 -1.8484 -0.3668
-5.2332 -0.5202 -3.1955 -2.4916
-3.2358 0.8585 -2.5451 -0.4272
-3.3417 0.2011 -2.0006 1.0648
-3.7342 0.0715 -1.8486 0.5876
-5.5309 -1.6733 -3.4933 -1.5231
-3.1132 1.4423 -2.7203 -0.5428
-2.6653 0.6440 -1.4994 1.8393
-3.7334 -0.1049 -1.3467 1.1294
-4.0570 -0.1289 -1.5175 -0.0486
-4.9275 -0.9898 -2.5588 -1.1780
-4.0987 0.1834 -2.7714 -1.0456
-2.8497 0.9632 -1.7349 0.8665
-3.7989 -0.2980 -1.6476 0.9165
-3.8967 0.1087 -1.6581 0.0593
-3.3221 0.5206 -1.0940 0.5557
-4.6529 -0.9750 -1.8608 -0.3155
-4.2753 0.0009 -2.2498 -1.0025
-5.1318 -1.2459 -3.4954 -1.5568
-5.4766 -1.0920 -5.0858 -2.5868
-4.2420 0.0810 -5.4416 -1.6281
-3.0111 0.8427 -4.5665 0.5905
-4.3018 -0.7528 -4.9821 0.2844
-2.9962 1.1910 -4.0922 0.5574
-4.7269 -1.3172 -4.9330 -0.1288
-3.9943 0.4188 -5.0410 -0.7807
-4.6281 -0.9095 -5.7830 -0.8284
-3.4341 0.8158 -5.3309 -0.1415
-3.3180 0.2418 -4.7628 0.9298
-4.4280 -0.6385 -5.3046 -0.0872
-4.7432 -0.6016 -6.1616 -1.2905
-6.7774 -2.6506 -9.0529 -3.5769
-5.3616 -0.4152 -10.5283 -3.7884
-3.0194 1.0329 -9.6615 -0.3135
-1.8716 1.6015 -7.6469 2.7081
-3.4751 -0.2295 -7.2358 2.0228
-3.8484 0.1295 -7.1981 0.3666
-3.3510 0.4834 -6.6629 0.5654
-5.5444 -1.8515 -8.3211 -1.2300
-2.8292 1.7976 -7.2641 -0.2696
-3.7032 -0.5361 -7.0811 1.0285
-4.7258 -0.6252 -7.9207 -0.6932
-3.8823 0.2540 -7.9168 -0.6678
-3.8213 -0.0367 -7.8520 0.0680
-3.7849 0.1160 -7.7507 0.1532
-2.9318 0.9080 -6.7963 1.0354
-3.7615 -0.2386 -6.6716 0.8882
-3.7680 0.2136 -6.5535 0.2179
-2.4401 1.3606 -5.1075 1.5406
-6.1569 -2.8150 -7.3782 -1.1139
-3.4922 1.5200 -6.9842 -1.4226
-5.3216 -2.0435 -8.4197 -1.1203
-3.6612 1.0423 -8.1948 -0.9234
-2.3224 1.1468 -6.6310 1.7437
-5.5836 -2.1562 -8.3284 -0.4464
-3.7752 0.9734 -8.2174 -1.2470
-4.6596 -1.1628 -8.9909 -0.6847
-3.0542 1.2972 -8.1588 0.2133
-3.5700 -0.2027 -7.8427 0.9818
-5.0913 -1.1241 -9.0479 -0.9522
-3.2739 1.0619 -8.4356 -0.3519
-3.0859 0.3755 -7.6354 1.2901
-4.8360 -1.1000 -8.5851 -0.3096
-4.4728 -0.1466 -9.1717 -1.3464
-2.4860 1.4588 -7.7716 0.9309
-4.2361 -0.9334 -8.1215 0.7702
-2.9930 1.2666 -7.2283 0.6133
-2.3891 0.9905 -5.7312 2.2117
-2.9488 0.5412 -4.7938 2.1351
-2.4821 1.1876 -3.3897 2.1539
-4.3347 -0.9236 -3.8383 0.6747
-2.9939 1.2617 -2.9461 0.5334
-2.3664 1.0151 -1.4262 2.2336
-2.7270 0.7532 -0.2670 2.3751
-2.0717 1.5132 1.5475 2.7419
-5.5876 -2.3067 -0.1539 -0.2498
-3.0845 1.7244 0.6478 -0.5594
-3.6975 -0.5011 0.8364 0.8300
-3.6462 0.4404 1.0764 0.3909
-2.7225 0.9875 2.2400 1.3556
-3.8749 -0.3837 2.2514 0.9422
-3.2629 0.7767 2.8746 0.6323
-4.7676 -1.1922 1.9932 -0.3829
-3.7079 0.6552 2.1715 -0.5269
-3.3127 0.3114 2.7450 0.7161
-3.8451 -0.0835 2.7860 0.4998
-4.3370 -0.4174 2.3352 -0.4180
-2.8913 1.1619 3.3301 0.6343
-2.3022 1.1192 4.9141 2.3799
-3.4194 0.0191 5.3809 1.7340
-5.0717 -1.1931 4.1954 -0.8121
-3.8593 0.5041 4.2223 -0.9215
-3.9868 -0.3023 4.1216 -0.0792
-6.4205 -2.4134 1.5873 -2.6148
-4.1723 0.6793 1.3012 -2.3135
-3.2544 0.3601 1.9330 0.4029
-3.1799 0.5623 2.6394 1.2118
-5.9051 -2.2438 0.6205 -1.4538
-4.1589 0.6248 0.3478 -1.8878
-3.0669 0.5694 1.1671 0.6011
-4.5192 -0.8608 0.5340 0.0224
-3.2020 1.0285 1.2183 0.1778
-4.9223 -1.4476 0.1821 -0.4888
-2.9377 1.5275 1.1306 0.1195
-2.4770 0.7981 2.5397 2.1679
-3.0725 0.4944 3.3534 1.9410
-4.0644 -0.3760 3.1751 0.4727
-3.9314 0.1052 3.1299 -0.1878
-4.5258 -0.6817 2.4903 -0.6758
-4.3245 -0.1656 2.0520 -0.9500
-3.2631 0.6894 2.6751 0.2725
-3.8039 -0.1935 2.7574 0.5807
-3.7355 0.2281 2.9081 0.2165
-3.0200 0.7749 3.7742 0.9867
-3.3042 0.2720 4.3562 1.2749
-3.6565 0.1209 4.5859 0.6953
-2.8999 0.9379 5.5722 1.1700
-3.8202 -0.3091 5.6382 0.8550
-5.1754 -1.1656 4.3490 -1.2364
-3.9778 0.3746 4.2573 -1.1230
-2.0113 1.7251 6.1322 1.8016
-4.1155 -0.9194 5.9029 1.2706
-5.0629 -0.8089 4.7262 -1.3601
-3.6933 0.5164 4.9191 -0.7485
-4.3326 -0.6530 4.4727 -0.2921
-3.0426 1.1048 5.3163 0.4865
-2.6834 0.7608 6.5190 1.8777
-3.9741 -0.3923 6.4311 0.8742
-2.8968 1.1463 7.4205 0.9190
-4.2233 -0.7956 7.0834 0.4544
-4.3921 -0.1877 6.5775 -0.7756
-5.3330 -1.3717 5.1307 -1.8515
-4.3412 0.0937 4.6757 -1.6124
-2.4725 1.3762 6.0893 1.0496
-3.6061 -0.2704 6.3694 1.4110
-4.5390 -0.5446 5.7166 -0.4287
-4.4918 -0.3878 5.1109 -1.1279
-4.3619 -0.3205 4.6353 -0.9602
-3.0147 0.9997 5.5067 0.4909
-3.8728 -0.3865 5.5201 0.7105
-3.6985 0.3423 5.7078 0.1984
-3.7206 0.0287 5.8734 0.3158
-3.9980 -0.1233 5.7615 0.0206
-5.5284 -1.5929 4.1193 -1.7317
-2.5214 2.0019 5.4841 0.0510
-5.4718 -2.3864 3.8984 -0.4939
-6.5166 -1.6759 1.2679 -3.8990
-4.3337 0.2228 0.8204 -2.5519
-3.1615 0.6356 1.5451 0.3667
-3.9179 -0.2859 1.5134 0.5480
-4.1495 -0.1489 1.2501 -0.2887
-4.0409 -0.0952 1.0953 -0.3654
-3.4966 0.4276 1.4849 0.2658
-3.4891 0.2260 1.8819 0.7087
-3.1044 0.6914 2.6637 1.0994
-4.6428 -1.0332 1.9071 -0.1312
-4.8330 -0.5335 0.9602 -1.5521
-3.0608 1.0388 1.7856 0.0679
-4.1982 -0.7275 1.4736 0.3483
-4.5874 -0.4103 0.7724 -0.9508
-5.0358 -0.9856 -0.3773 -1.7107
-4.9227 -0.6423 -1.4138 -1.9562
-4.2662 -0.1231 -1.7938 -1.2092
-3.3177 0.6177 -1.2254 0.2644
-4.9832 -1.3441 -2.3225 -0.6423
-2.3613 2.0625 -0.7976 0.6472
-2.3970 0.6642 0.6916 2.7091
-2.6403 0.9802 1.9374 2.4372
-3.7816 -0.2875 2.0420 1.1012
-4.3122 -0.3110 1.6160 -0.3424
-2.8352 1.1753 2.6669 0.7101
-3.8642 -0.4482 2.6889 0.8627
-3.6041 0.4613 2.9710 0.2996
-2.8200 0.8816 4.0371 1.2918
-5.6625 -2.1289 2.2608 -0.9234
-2.7275 2.0103 3.4195 -0.2623
-4.3968 -1.3148 2.9089 0.4163
-5.6069 -1.1948 1.1882 -2.1292
-4.1554 0.2087 0.9190 -1.6458
-4.8077 -1.0050 -0.0025 -1.1369
-4.7612 -0.4730 -0.8775 -1.6122
-4.8448 -0.7694 -1.8361 -1.6586
-3.2707 0.9233 -1.2206 -0.1514
-4.6313 -1.1144 -1.9657 -0.2527
-4.4581 -0.1262 -2.5377 -1.1680
-3.7417 0.1950 -2.3932 -0.3131
-5.2578 -1.4496 -3.7648 -1.2560
-2.9979 1.4681 -2.8765 -0.2090
-6.5322 -3.2333 -5.5225 -1.9354
