2.9713 -28.9995 9.3954 5.6993
2.3465 -29.1674 9.5028 5.0249
0.6538 -31.3403 7.4977 2.9445
4.9805 -30.0329 10.9781 7.8285
1.9453 -29.5974 10.1062 4.5203
1.2738 -31.3509 7.9171 2.9416
5.3412 -29.3729 11.6488 8.2056
1.1759 -29.5264 9.5171 3.4618
1.9387 -30.9998 8.1973 3.6341
2.1046 -31.9258 8.7446 5.1053
3.2104 -31.6631 9.9334 5.9109
0.9550 -33.1029 8.2309 3.3763
3.0490 -33.5765 9.1971 5.5343
2.3740 -33.6780 9.5692 5.2300
2.3880 -34.1029 9.2457 4.6461
3.0097 -33.8993 9.8743 5.5011
1.7832 -34.6113 8.9587 4.1454
2.8579 -34.8618 9.4202 5.2479
2.7618 -34.6711 9.8614 5.3661
0.3990 -36.8912 7.4506 2.6464
1.8823 -38.8094 7.7525 4.6359
1.9918 -39.8765 8.6036 5.2757
3.0840 -39.7966 9.7505 5.8268
2.6608 -39.5938 9.8735 5.1469
1.9385 -40.3249 8.9396 4.1269
4.3432 -39.0125 10.9831 6.8242
2.9614 -37.8795 10.8037 5.2143
2.3422 -38.0566 9.4936 4.0298
6.1544 -34.7311 12.9962 8.4495
0.5575 -35.0964 9.3054 2.3068
4.7047 -34.1130 10.6541 6.2391
1.5846 -34.1760 9.6077 4.2486
1.4828 -35.9008 7.9458 3.3193
5.1384 -34.0210 11.5505 8.0872
0.3672 -35.0846 8.6071 2.6206
3.8901 -35.0108 9.7444 5.8182
3.9758 -33.0900 11.5915 6.8692
2.6549 -32.4473 10.3134 4.2982
3.0436 -32.0763 10.0417 4.9211
2.3328 -32.2217 9.5253 4.5949
3.0788 -31.9765 9.9159 5.3470
4.3508 -30.0863 11.5608 6.7185
1.3637 -30.5473 9.2097 3.2159
3.0966 -30.7688 9.4491 5.1011
1.9961 -31.2244 9.2151 4.6995
2.5899 -31.6365 9.2586 4.9069
2.5326 -31.8089 9.4982 5.1160
3.3526 -31.1901 10.2896 5.7396
2.4119 -31.1019 9.7589 4.6550
2.0333 -31.8626 8.9100 4.1775
4.6353 -30.2106 11.3226 7.1845
0.8128 -31.0802 8.8011 2.9741
3.2632 -31.4106 9.3402 5.2783
2.4485 -31.3305 9.7508 5.3114
1.0935 -33.0127 7.9885 3.2617
2.4441 -34.0218 8.6616 5.1685
1.4843 -35.3155 8.3770 4.4127
0.5936 -37.9798 7.0064 3.2413
5.8362 -35.8468 11.8037 8.9980
0.3515 -36.5771 8.9403 2.7765
4.6643 -35.7371 10.5107 6.3513
1.6850 -35.7199 9.6879 4.4292
2.1633 -36.7140 8.6765 3.9938
2.8779 -36.7544 9.6303 5.6555
2.9658 -36.3497 10.0754 5.4330
1.3743 -37.4925 8.5279 3.5739
4.5110 -36.2944 10.8688 6.9981
2.9414 -35.0975 10.8675 5.3582
2.4319 -35.1949 9.5733 4.0648
3.3984 -34.5806 10.2850 5.6825
1.0822 -35.7992 8.4521 3.3514
4.0308 -35.2273 10.2425 6.4249
1.8563 -35.3556 9.5424 4.4714
4.6804 -33.7471 11.2792 6.6983
0.7027 -34.7042 8.7136 2.9170
5.6601 -32.6926 11.6822 7.6815
1.1900 -32.6726 9.6908 3.6120
3.8505 -32.2271 10.1162 5.4314
3.5243 -30.7775 11.1202 6.1377
3.3408 -29.6746 10.7736 5.0883
1.4537 -30.5504 8.7948 3.3521
2.3579 -31.4657 8.7554 4.6979
1.9062 -32.3805 8.7559 4.7258
4.1216 -31.3057 10.7454 6.7151
1.8035 -31.4414 9.5350 4.1120
2.6535 -31.8862 9.2260 4.6503
2.7557 -31.8036 9.7532 5.3938
3.6579 -30.7679 10.7064 5.9780
2.0122 -30.9268 9.5118 4.1161
3.3032 -30.6175 9.9800 5.4205
0.0330 -32.9329 7.3553 2.4681
3.3159 -33.6005 9.0031 5.9532
1.2755 -34.6671 8.6041 4.4007
2.7231 -35.3062 9.0315 5.1075
1.8765 -36.0682 8.9087 4.6854
2.6397 -36.4903 9.2486 5.1113
2.1888 -36.9816 9.1793 4.8041
3.5633 -36.3239 10.3284 6.0017
3.6544 -34.8878 11.1068 5.9757
0.6378 -36.4228 8.1356 2.4597
5.4340 -34.6700 11.4235 7.8274
2.5661 -33.3869 10.9537 5.0561
2.8106 -33.2933 9.7643 4.1955
4.1748 -31.7132 11.2508 6.5145
2.1574 -31.4684 9.9155 4.1387
1.9011 -32.4886 8.6504 3.8084
4.1773 -31.3608 10.7985 6.8420
4.1438 -29.1283 11.9031 6.4430
1.1538 -29.9026 8.8964 2.6630
2.4216 -30.9040 8.6692 4.5405
3.9275 -29.7657 10.8090 6.8393
2.0123 -29.7897 9.6467 4.1792
1.6300 -31.1535 8.3068 3.6529
4.4213 -29.9172 10.9070 7.1910
1.6353 -30.0713 9.5166 3.9805
2.3872 -30.8665 8.8755 4.3126
2.2248 -31.4480 9.0891 4.9751
2.3899 -31.9457 9.1730 4.9094
3.7425 -31.0083 10.6081 6.2858
0.9730 -32.1640 8.5149 3.1881
3.9827 -31.6948 10.1399 6.2782
3.0131 -30.6904 10.6751 5.6760
1.6336 -31.5502 8.8108 3.4371
3.5176 -31.2158 10.0051 5.9363
0.5877 -32.8693 8.0172 3.1125
4.4030 -32.1724 10.3676 6.8543
0.6763 -33.2946 8.5485 3.3900
4.4682 -32.4883 10.4770 6.5919
2.1995 -32.0547 10.1042 4.8691
2.4889 -32.4661 9.2593 4.2851
1.2757 -33.9460 8.1908 3.8081
4.6937 -32.6144 11.0023 7.3675
1.8058 -32.4617 9.8234 4.2206
4.7744 -30.7844 11.3480 6.5704
1.6214 -30.7758 9.6792 3.8345
1.4109 -32.5542 7.8923 3.2156
4.9846 -30.8641 11.3607 7.9349
1.2163 -31.1555 9.3793 3.5256
4.3162 -30.2311 10.5951 6.1284
1.1196 -30.9534 8.9484 3.6307
4.0520 -30.3415 10.2825 6.1174
2.8090 -29.5065 10.5057 5.4067
3.6086 -28.4934 10.6838 5.4286
2.6948 -27.9944 10.1697 4.7899
2.6118 -28.0352 9.6299 4.6099
2.8386 -27.8907 9.8152 5.1730
2.8831 -27.5884 9.9730 5.2012
1.8200 -28.3268 8.9322 4.0499
3.6404 -27.7764 10.2211 6.0673
1.1153 -28.8409 8.6062 3.5502
1.5370 -30.7463 7.7653 3.8398
3.3981 -30.5797 9.8372 6.5003
2.4987 -30.3820 9.8684 5.0811
2.9714 -30.1612 9.8914 5.0823
4.2871 -28.3884 11.4435 6.6183
3.0893 -27.1555 10.9036 4.9919
4.3191 -25.2917 11.5345 6.0008
2.0608 -25.0714 9.8910 3.9157
3.8782 -24.1627 10.5793 5.7544
1.4697 -24.7539 9.0795 3.7728
3.0342 -24.9849 9.4397 5.1828
0.7351 -26.7327 7.9229 3.4139
3.7023 -26.6628 9.7405 6.2933
3.0759 -25.7358 10.5977 5.8781
1.4039 -26.7940 8.6125 3.2929
3.0756 -27.0165 9.4482 5.5182
1.7381 -27.7406 8.9466 4.4317
2.3225 -28.5490 8.8623 4.6984
3.7411 -27.6466 10.5731 6.4683
2.1967 -27.5793 9.7379 4.4356
3.6412 -26.8397 10.4103 5.6925
2.5762 -26.4430 10.0675 4.8791
3.6477 -25.5072 10.6065 5.6580
-0.0811 -27.7644 7.4135 2.0877
3.0184 -28.7865 8.6486 5.5579
2.3189 -28.9584 9.4988 5.5436
3.1885 -28.6105 10.0186 5.4682
3.5542 -27.4620 10.8191 5.9049
1.5833 -28.1017 9.0311 3.5565
2.6034 -28.7066 9.0657 4.8428
2.4131 -28.9918 9.3855 5.1383
3.4887 -28.2965 10.3659 5.8948
2.3621 -28.1901 9.7771 4.6198
3.9446 -27.0644 10.7964 6.0512
1.2557 -27.8363 8.8987 3.4401
3.7833 -27.4252 10.0818 5.9515
2.4956 -27.0380 10.0579 5.0994
1.1082 -28.6820 8.0267 3.0850
3.7423 -28.3856 9.9671 6.4472
3.8686 -26.6459 11.4104 6.5322
0.8679 -27.8437 8.4729 2.5844
2.9289 -28.4808 9.0336 5.2014
1.5188 -29.4976 8.6539 4.4292
4.3697 -28.3685 10.7997 6.8408
1.2586 -28.9250 9.1142 3.6531
4.1220 -28.1737 10.4220 6.1409
0.2942 -29.8184 8.0259 2.8293
2.0303 -31.6410 7.8481 4.3288
3.9822 -30.6436 10.6680 7.2731
2.6022 -30.0503 10.2640 4.8952
2.9790 -29.7702 9.9508 4.8648
