-1.0884 1.3868 2.5768 1.9642
-2.5746 -1.8482 -3.0323 -1.8359
-3.8151 -1.6025 0.5789 -0.9432
-3.3851 0.0679 0.0826 0.6780
-4.9067 -1.8837 -1.5712 -1.6076
-7.3786 -2.8340 -1.5292 -2.1676
-6.8790 0.1376 1.4171 0.9940
-8.0782 -1.5613 -2.0495 -1.2991
-8.5824 -0.8663 0.7255 -0.2644
-9.0680 -0.8476 -0.9208 -0.3847
-7.8291 0.8768 1.7914 1.3360
-7.6760 -0.2090 -0.9218 -0.0947
-7.6195 -0.3055 0.6097 0.0260
-7.4365 -0.1791 -0.1828 0.1717
-9.4895 -2.4151 -1.9433 -2.0896
-10.1023 -0.9748 0.5532 -0.2022
-10.0374 -0.2972 -0.2670 0.1875
-10.4157 -0.7403 -0.2181 -0.3912
-11.1179 -1.0643 -0.5714 -0.6266
-11.0032 -0.2474 0.4575 0.2551
-13.5288 -2.8877 -2.8001 -2.5486
-15.6267 -2.4599 -0.4178 -1.5927
-15.8597 -0.5951 0.0176 0.1865
-17.6367 -2.1390 -1.7875 -1.7304
-18.2529 -0.9783 0.4563 -0.2608
-18.7537 -0.8629 -0.7746 -0.3776
-19.0976 -0.7059 0.1209 -0.2437
-18.8175 -0.0820 0.2076 0.3489
-18.7467 -0.2913 -0.0538 0.0148
-17.9438 0.4408 0.8351 0.7887
-18.1047 -0.5230 -0.6620 -0.3215
-17.0182 0.7245 1.4838 1.1188
-16.2002 0.4559 -0.0723 0.6007
-15.9838 -0.1456 0.2598 0.0528
-14.0460 1.5757 1.7819 1.8945
-14.1448 -0.4609 -1.1679 -0.4863
-13.6508 0.1320 1.1948 0.5138
-13.5353 -0.2466 -0.6014 0.0167
-12.2172 0.9561 1.6790 1.2950
-13.5153 -1.6602 -2.3055 -1.5617
-14.4146 -1.2614 0.4840 -0.6397
-14.7271 -0.6745 -0.6029 -0.1326
-14.8595 -0.4945 0.2293 -0.0699
-15.0458 -0.5483 -0.3239 -0.1598
-15.5385 -0.8548 -0.2984 -0.4555
-16.3921 -1.2157 -0.6746 -0.7551
-17.9195 -1.8894 -1.1226 -1.3567
-19.5416 -1.9842 -0.9486 -1.3167
-18.7614 0.4182 1.3493 1.1046
-20.8544 -2.4550 -2.9026 -2.2490
-20.5474 -0.0551 2.0486 0.7256
-20.4793 -0.2940 -1.1611 0.0067
-20.0170 0.1003 1.1590 0.4488
-21.0899 -1.4349 -1.7683 -1.1654
-20.8498 -0.1220 1.3010 0.4546
-20.8426 -0.3548 -0.7734 -0.0408
-20.0193 0.4613 1.2874 0.8219
-20.6242 -0.9670 -1.3774 -0.7696
-18.7635 1.4986 2.6871 1.9816
-17.6933 0.7082 -0.5420 0.6981
-17.5064 -0.1752 0.5121 -0.0271
-17.4781 -0.3337 -0.2789 -0.0090
-18.4247 -1.3087 -0.7793 -0.9523
-17.8167 0.2459 1.0756 0.7973
-17.2709 0.1838 -0.0995 0.4242
-16.4191 0.4898 0.9115 0.7427
-16.4370 -0.3800 -0.5648 -0.1883
-15.5294 0.5456 1.2465 0.9112
-16.1377 -0.9704 -1.3562 -0.7898
-17.6997 -1.9240 -0.7483 -1.4403
-18.7187 -1.3811 -0.5701 -0.7066
-17.2396 1.1171 1.8212 1.6830
-16.5935 0.2840 -0.4467 0.3502
-17.8420 -1.6105 -0.9804 -1.3777
-18.0887 -0.6087 0.3416 0.0030
-17.7509 -0.0242 0.1329 0.3871
-18.0193 -0.6305 -0.3482 -0.3360
-16.4453 1.2119 1.7829 1.6277
-16.4953 -0.4120 -1.1197 -0.3647
-16.8143 -0.6811 0.3528 -0.3090
-17.3729 -0.9206 -0.7702 -0.4948
-17.8120 -0.8012 0.0230 -0.3274
-17.9275 -0.4776 -0.1293 -0.0277
-19.9714 -2.4059 -1.9663 -2.0207
-19.1058 0.5035 2.0453 1.2743
-19.2733 -0.5296 -1.3947 -0.3406
-17.6290 1.2823 2.4812 1.6779
-16.4955 0.7714 -0.3552 0.8046
-17.6589 -1.5255 -0.9502 -1.3901
-17.0970 0.1999 1.1321 0.7946
-18.1683 -1.4334 -1.7506 -1.1837
-19.2065 -1.4003 0.0121 -0.8240
-19.5665 -0.7220 -0.3672 -0.1523
-21.0324 -1.8280 -1.2456 -1.3939
-22.1729 -1.5026 -0.3932 -0.8473
-22.0244 -0.2136 0.3844 0.3766
-23.3212 -1.6588 -1.5273 -1.3264
-24.9082 -1.9491 -0.6706 -1.3277
-23.4905 1.0556 1.8200 1.7350
-22.4513 0.6772 -0.0528 0.7557
-21.3171 0.7721 1.1659 0.9264
-20.7893 0.1657 -0.1717 0.3009
-20.8600 -0.4328 0.0323 -0.1763
-19.5396 0.9584 1.3011 1.3346
-17.8694 1.3081 0.8895 1.4061
-18.3865 -0.8792 -1.0508 -0.8512
-16.3560 1.6684 2.6609 2.1339
-18.0218 -2.0279 -3.2624 -2.0719
-19.6166 -1.9568 0.3627 -1.2616
-20.2014 -0.9469 -0.8024 -0.2659
-20.7237 -0.8843 -0.0408 -0.4053
-20.2133 0.1483 0.5348 0.6148
-19.4972 0.3541 0.3952 0.6140
-20.2074 -1.0722 -0.9473 -0.8534
-19.2563 0.5891 1.5195 1.0932
-18.5583 0.3359 -0.2137 0.5078
-20.0121 -1.8159 -1.3256 -1.5934
-19.4266 0.2234 1.3808 0.8763
-18.3494 0.7152 0.2487 0.9601
-19.3676 -1.3803 -1.1675 -1.2337
-19.9209 -0.9154 0.1472 -0.3497
-18.9222 0.6367 0.9104 1.1094
-16.7264 1.8337 1.6496 1.9961
-17.0734 -0.7090 -1.3367 -0.7861
-17.3976 -0.6863 0.4778 -0.2548
-16.8682 0.1673 0.2427 0.5942
-17.1257 -0.6196 -0.4031 -0.3634
-17.9861 -1.2224 -0.6185 -0.8088
-19.2351 -1.6110 -0.8779 -1.0769
-20.8942 -2.0212 -1.1324 -1.4094
-19.0193 1.5128 2.5544 2.2067
-18.6068 0.0504 -1.1201 0.0375
-18.2918 -0.0470 0.9872 0.2326
-17.9544 -0.0246 -0.2549 0.2744
-18.7500 -1.1577 -0.6427 -0.8631
-18.2154 0.1726 0.9202 0.6937
-17.0235 0.8299 0.6398 1.0850
-18.6518 -1.9904 -2.0122 -1.8667
-18.2891 0.0007 1.5700 0.6884
-18.1237 -0.1967 -0.7767 0.0928
-17.8226 -0.0609 0.7672 0.2681
-17.8333 -0.3728 -0.4710 -0.0710
-17.4368 0.0344 0.6791 0.3986
-18.5415 -1.4667 -1.5121 -1.1840
-18.0420 0.1374 1.4067 0.7204
-17.8475 -0.1675 -0.6495 0.0946
-18.2044 -0.7189 0.0328 -0.3958
-17.7158 0.1265 0.4688 0.5599
-18.2468 -0.8930 -0.8122 -0.6286
-18.7207 -0.8360 0.0134 -0.3677
-18.2674 0.0912 0.4452 0.5481
-18.7022 -0.7968 -0.7019 -0.5254
-20.2526 -1.9124 -1.1293 -1.4634
-21.8565 -1.9660 -0.9263 -1.2938
-22.6433 -1.1489 -0.2310 -0.4660
-20.7754 1.5058 2.0065 2.0252
-18.4782 1.9352 1.0933 1.9236
-18.5451 -0.4289 -0.7229 -0.5263
-20.1003 -1.9173 -1.1215 -1.5418
-20.0953 -0.3570 0.6779 0.3161
-19.4053 0.3279 0.2832 0.6890
-16.8319 2.2113 2.4034 2.4353
-15.1062 1.3637 0.2837 1.2111
-15.5070 -0.7628 -0.5710 -0.7459
-16.7048 -1.5599 -0.8553 -1.1177
-17.1980 -0.8552 0.0200 -0.2535
-18.3305 -1.4946 -1.1446 -1.0339
-17.0012 0.9672 2.0160 1.5558
-17.4248 -0.7857 -1.6332 -0.6895
-17.6032 -0.5405 0.8015 -0.0937
-18.4779 -1.2367 -1.3556 -0.8390
-17.8183 0.2975 1.4730 0.8345
-18.7413 -1.2850 -1.8067 -1.0549
-18.0150 0.3643 1.8104 0.9109
-19.0126 -1.3597 -2.0838 -1.1429
-18.7339 -0.0834 1.5290 0.4782
-19.2180 -0.8461 -1.4015 -0.5398
-18.4790 0.3770 1.5799 0.8358
-19.2090 -1.0921 -1.6780 -0.8778
-19.9323 -1.0853 0.2835 -0.5773
-20.9356 -1.3653 -1.1734 -0.8586
-21.0649 -0.4914 0.5747 0.0713
-21.5641 -0.8613 -0.8441 -0.4734
-22.1188 -0.9167 -0.0482 -0.4548
-21.1853 0.5715 0.9624 1.0444
-19.8918 0.9314 0.7160 1.1067
-20.2429 -0.7132 -0.7807 -0.6098
-18.3302 1.5507 2.3812 1.9830
-17.4827 0.4855 -0.5812 0.4650
-15.7527 1.3679 2.0786 1.5604
-16.7594 -1.3688 -2.2539 -1.3527
-17.2637 -0.8663 0.8480 -0.3029
-16.3277 0.5740 0.4272 1.0369
-15.6599 0.3057 0.4114 0.4806
-14.3118 0.9861 1.1013 1.2146
-13.9703 -0.0206 -0.3193 0.0718
-13.6071 0.0012 0.5548 0.2950
-13.9263 -0.6813 -0.6521 -0.3919
-14.4751 -0.9109 -0.1576 -0.4850
-13.8303 0.2828 0.7394 0.7546
-13.6430 -0.1748 -0.2563 0.0583
