-6.9683 7.2196 3.7007 1.8938
-6.7498 4.5509 3.3052 2.4818
-7.4991 5.6697 2.1605 1.7762
-8.5867 3.7989 -0.0719 0.5387
-5.5143 8.1808 0.7681 3.3936
-6.9681 3.6596 0.1544 2.5542
-5.1822 8.6104 1.3265 4.0494
-7.3126 3.0145 0.3683 2.2762
-5.4012 8.8430 1.3214 3.7615
-5.6509 4.5133 2.0249 3.8941
-5.7944 7.4006 2.5847 3.7006
-7.3923 3.7816 1.5467 2.0740
-6.5326 7.1746 1.3684 2.6141
-6.8243 4.5079 0.8985 2.4944
-7.3142 5.8846 -0.0614 1.9461
-6.7993 5.4358 -0.5064 2.3630
-7.9755 4.5738 -2.1276 1.2898
-6.5117 6.6409 -2.2850 2.5184
-6.5518 5.1539 -2.4824 2.7711
-7.1857 5.5609 -3.3138 2.1291
-5.7170 6.7447 -2.6765 3.4711
-7.4029 4.2301 -3.7251 2.0789
-6.6025 6.7907 -3.9733 2.5421
-5.8294 5.7714 -3.4483 3.4753
-6.1411 6.1732 -3.2351 3.3182
-8.7517 3.2814 -5.6325 0.6453
-7.1267 6.9306 -6.4049 1.7481
-6.7604 4.7425 -6.8110 2.4394
-6.9076 6.1270 -7.3643 2.3655
-7.7073 4.3582 -8.7173 1.5364
-6.3974 6.9062 -8.7604 2.6863
-6.5219 4.9980 -8.9281 2.8237
-5.0747 7.7810 -7.6485 4.2461
-6.2421 4.6655 -7.5362 3.3681
-5.6488 7.4396 -6.8308 3.7279
-6.4847 4.6619 -6.9612 3.0107
-8.1798 4.9112 -8.7866 1.1485
-7.8276 5.0889 -10.2599 1.1616
-7.1057 5.6864 -11.0113 1.9539
-6.7880 5.5858 -11.4450 2.4160
-5.7780 6.6663 -10.8687 3.4896
-7.1888 4.4991 -11.7031 2.2808
-6.9831 6.2218 -12.3319 2.2043
-6.0985 5.9006 -12.0761 3.1301
-6.9164 5.3075 -12.6381 2.4891
-7.5827 5.0563 -13.8666 1.6592
-6.9084 5.9065 -14.4206 2.2003
-7.0346 5.1851 -15.1009 2.2089
-5.6632 7.0616 -14.4097 3.5551
-6.1324 5.2788 -14.1878 3.3602
-5.8084 6.8507 -13.6418 3.5903
-6.8141 4.7447 -14.1016 2.6494
-4.2376 8.7954 -11.9849 5.0248
-6.2452 3.9523 -11.8758 3.5324
-7.2741 6.3135 -12.7956 2.1020
-7.6779 4.2569 -14.1192 1.4924
-6.2557 7.1188 -14.0206 2.8339
-6.7610 4.6102 -14.4272 2.6131
-7.7062 5.4210 -15.7791 1.5668
-6.8241 5.7355 -16.2489 2.2598
-7.9823 4.3571 -17.8769 1.2780
-5.6719 7.6324 -17.1945 3.3568
-4.4106 6.6010 -15.2508 5.0802
-5.6141 6.1195 -14.5105 4.1290
-6.6775 5.3932 -14.8337 2.8249
-4.9947 7.5844 -13.4741 4.2950
-6.0633 4.9819 -13.1830 3.5630
-8.5733 4.2937 -15.4020 0.8392
-6.4989 6.8498 -15.5467 2.4116
-6.2756 5.2838 -15.4680 3.0498
-5.7921 6.8635 -14.9058 3.5780
-6.5186 5.0312 -15.0700 2.9482
-5.1806 7.6518 -13.8963 4.1408
-7.6827 3.3153 -15.2247 1.9063
-3.8951 10.1385 -12.7655 5.1935
-5.0021 4.2553 -11.4133 4.8440
-6.6011 6.7745 -11.6601 3.0237
-6.0663 5.5458 -11.3721 3.2387
-7.2270 5.2452 -12.2447 2.1849
-7.2851 5.3976 -13.1755 1.8947
-6.2782 6.2979 -13.0993 2.8900
-5.3687 6.5772 -12.1137 4.0009
-5.4285 6.3218 -11.1878 4.1230
-4.2228 7.7062 -9.0563 5.3167
-6.6802 4.2798 -9.3822 3.1005
-6.5773 6.7811 -9.6052 2.7118
-9.0886 2.5189 -12.3395 0.2211
-6.6629 7.9282 -12.6480 2.1446
-6.2082 4.5964 -12.5019 3.0844
-6.3166 6.8203 -12.4642 3.0670
-7.0020 4.5782 -13.1118 2.3599
-7.6417 5.5079 -14.3992 1.5831
-6.7653 5.7335 -14.8102 2.3315
-4.1538 8.1871 -12.6097 5.1183
-7.2834 3.3400 -13.5388 2.5111
-6.3517 7.6647 -13.5361 2.8169
-7.5119 3.4771 -14.6937 1.8429
-5.1898 8.7306 -13.5292 3.9330
-5.5679 4.6750 -12.7427 4.0193
-6.1940 6.8878 -12.5824 3.3176
-6.4019 5.1310 -12.6299 2.9845
-4.8754 7.8872 -11.1511 4.4694
-5.7765 5.0567 -10.5733 3.8735
-6.3578 6.4567 -10.5768 3.1120
-6.2177 5.6169 -10.4402 3.1360
-4.8153 7.6071 -8.9012 4.5663
-5.8595 5.1699 -8.4063 3.8026
-6.0855 6.6500 -8.1375 3.3678
-5.7857 5.9136 -7.5689 3.6223
-6.4529 5.7619 -7.6675 3.0151
-7.3415 4.9795 -8.6547 1.9931
-5.9867 6.8820 -8.2871 3.1702
-7.9766 3.5603 -9.9094 1.4512
-7.0485 6.8136 -10.6036 1.9814
-5.2964 6.2884 -9.5456 3.9191
-7.0489 4.9035 -10.2402 2.5170
-6.0842 6.8376 -9.9701 3.1312
-6.5696 4.9984 -10.1854 2.8388
-6.0769 6.7786 -9.9079 3.2344
-5.9307 5.6786 -9.4843 3.4791
-6.8552 5.5241 -9.9852 2.5838
-8.4789 4.0086 -12.1098 0.7752
-5.3332 8.2151 -11.0886 3.5962
-6.9122 3.6915 -11.6466 2.6463
-6.0695 7.7008 -11.3617 3.1732
-5.3848 5.5790 -10.3922 4.0265
-7.4367 5.0123 -11.4746 2.1115
-5.0981 7.7476 -10.2184 4.0397
-5.6132 5.3179 -9.4773 3.9924
-6.2319 6.3999 -9.3549 3.2706
-6.7131 5.1613 -9.7137 2.6657
-5.1491 7.5923 -8.5085 4.1334
-5.9085 5.1312 -8.0627 3.6868
-5.8220 6.9405 -7.5303 3.6215
-3.6614 7.8345 -4.8375 5.7994
-5.7997 5.0705 -4.2828 4.0932
-5.1778 7.6272 -3.1063 4.2874
-6.4050 4.6103 -3.1570 3.1846
-4.5521 8.5751 -1.3547 4.7921
-6.4494 3.9024 -1.4498 3.2654
-7.3493 6.2734 -2.4448 1.9860
-6.3710 5.5920 -2.4615 2.7844
-8.0704 4.3695 -4.1775 1.2806
-5.0967 8.1989 -2.9199 3.9144
-7.5385 3.0766 -4.1041 2.0674
-6.0727 8.1280 -3.8224 3.0448
-5.4400 5.2247 -2.9081 3.9707
-5.8716 6.8254 -2.4253 3.6656
-5.9808 5.5957 -2.0518 3.4701
-7.2188 5.2185 -2.9163 2.2102
-6.4094 6.2920 -2.9713 2.7721
-5.4239 6.5260 -2.0409 3.9194
-7.1179 4.6682 -2.8045 2.4225
-7.5900 5.4965 -4.0402 1.6116
-7.0530 5.4537 -4.7388 2.0542
-5.4999 7.0368 -3.8844 3.7147
-6.6289 4.7997 -4.1590 2.8963
-6.1314 6.8631 -3.9361 3.1680
-8.0992 3.4510 -5.6809 1.2997
-7.1269 6.8117 -6.4536 1.8784
-7.0538 4.5323 -7.1530 2.1460
-7.6202 5.5614 -8.4190 1.5942
-5.1803 7.2810 -7.2450 3.9208
-5.3144 5.9432 -6.2051 4.2747
-7.9215 4.2725 -7.7723 1.6408
-6.1044 7.2591 -7.5225 2.9364
-7.3199 3.9531 -8.4880 2.0844
-6.5201 7.0671 -8.6538 2.6411
-6.3086 5.0987 -8.6081 3.0125
-4.6448 8.1405 -6.8985 4.7187
-5.9839 4.6721 -6.5281 3.7123
-7.0108 6.0731 -7.1845 2.4176
-5.5229 6.5802 -6.3532 3.7001
-5.4783 6.2698 -5.4772 4.0423
-6.2160 5.7494 -5.3389 3.3135
-4.1121 8.2176 -3.0966 5.2699
-6.5211 4.0809 -3.2634 3.2817
-6.8134 6.6843 -3.7224 2.5076
-5.8081 5.8672 -3.1762 3.4544
-7.6566 4.5907 -4.4785 1.8069
-6.7658 6.3750 -4.8901 2.3280
-6.8944 4.9974 -5.4301 2.3776
-4.9878 7.8683 -4.0637 4.2585
-5.6475 5.1991 -3.3568 3.9801
-5.7467 6.9682 -2.7493 3.7489
-5.4345 6.0421 -1.8294 4.0413
-5.4549 6.6700 -0.9300 4.0834
-6.3216 5.3637 -0.8973 3.2126
-7.7702 4.8295 -2.3132 1.5907
-8.0352 4.9385 -3.9940 1.0360
-6.3165 6.5808 -3.9563 2.7016
-4.6909 7.0569 -2.2928 4.6710
-5.5233 5.8912 -1.4618 4.1637
-5.3067 6.9238 -0.4141 4.2139
-4.5605 6.9471 1.3797 5.0033
-6.8394 4.6519 0.8945 2.8736
-6.9879 6.1101 0.2609 2.2693
-5.2524 6.8249 1.3628 3.9752
-7.0713 4.5056 0.6458 2.5034
-4.1543 9.0461 2.8458 5.0566
-5.4637 4.5583 3.7364 4.3306
