-20.8040 7.2723 -3.3408 -4.9988
-20.9177 6.0917 -3.1784 -4.7539
-19.1242 6.7046 -1.4336 -2.9148
-19.6022 6.8394 -2.4351 -4.1103
-18.3602 8.2163 -0.8926 -2.6770
-19.1913 8.7621 -2.1865 -4.0050
-20.9027 7.5964 -3.5097 -5.3839
-21.9556 5.3779 -4.1657 -5.7523
-19.5978 5.5171 -1.6111 -2.9733
-19.9642 5.2900 -2.7438 -4.2828
-19.1825 5.8445 -1.6223 -3.3546
-18.8231 6.7585 -1.5993 -3.3079
-19.9373 6.5583 -2.7204 -4.5658
-19.5883 6.7071 -2.0351 -3.7711
-20.4584 5.9857 -3.1108 -4.7809
-18.5358 7.1870 -0.8655 -2.5102
-19.6852 7.2389 -2.6885 -4.4286
-20.2697 6.7063 -2.7260 -4.5533
-20.1945 6.2489 -2.6396 -4.2444
-17.9188 8.0671 -0.3898 -1.9987
-19.2291 8.5751 -2.3751 -4.2194
-19.3166 8.9955 -1.8670 -3.7827
-19.4001 9.3325 -2.1030 -3.8312
-19.2827 9.7868 -1.9148 -3.6804
-19.2648 10.2591 -1.9533 -3.7095
-19.7307 10.2654 -2.4076 -4.1825
-18.0255 11.9770 -0.5661 -2.2910
-19.9765 11.7376 -3.0696 -4.9241
-20.5805 10.8942 -2.9226 -4.7477
-20.1498 10.4814 -2.5360 -4.0754
-18.5541 11.6644 -1.0562 -2.6519
-18.9556 12.4459 -1.9016 -3.6917
-18.5651 13.6179 -1.2576 -3.1406
-19.9512 13.4037 -2.8369 -4.6829
-19.5861 13.5546 -1.9980 -3.7634
-21.5514 11.7403 -4.2149 -5.8747
-18.7915 12.6859 -0.7899 -2.3287
-19.8446 12.5784 -2.8705 -4.4857
-19.6810 12.6345 -2.0828 -3.9010
-18.7236 13.6480 -1.3617 -3.0089
-20.0104 13.3746 -2.8649 -4.6788
-19.3062 13.8054 -1.7097 -3.4598
-20.4549 13.0876 -3.2049 -4.8902
-20.2689 12.5558 -2.5704 -4.2447
-19.1954 13.0974 -1.6872 -3.2456
-19.9488 12.8856 -2.7056 -4.4284
-21.3027 11.3200 -3.7540 -5.4809
-20.2749 10.7821 -2.4117 -3.9116
-16.8276 13.6916 0.6330 -0.8753
-19.2442 14.1845 -2.6971 -4.6710
-19.5220 14.3996 -1.9758 -3.9820
-20.1461 13.9905 -2.8163 -4.4951
-21.5565 12.1711 -3.9746 -5.6558
-19.6015 12.3067 -1.6720 -3.1366
-22.8160 9.2277 -5.5774 -7.1332
-20.6605 8.3044 -2.2502 -3.6918
-21.1922 6.8492 -3.7801 -5.0858
-19.9504 6.6359 -2.0793 -3.6312
-18.6635 7.7096 -1.3026 -2.8411
-19.2211 8.2255 -2.0933 -3.9135
-20.1807 7.7818 -2.8157 -4.6500
-21.3636 6.1553 -3.7818 -5.4491
-20.2702 5.6221 -2.3986 -3.8826
-20.9226 4.4366 -3.4660 -4.9723
-19.3076 4.8660 -1.5307 -3.0963
-20.3227 4.2804 -3.1264 -4.7574
-18.3203 5.6972 -0.6453 -2.3490
-19.8544 5.5798 -2.9238 -4.6841
-21.2559 4.0609 -3.6417 -5.4719
-19.6578 4.1402 -1.8282 -3.3132
-19.0197 4.8575 -1.7342 -3.3143
-20.2330 4.3616 -2.9757 -4.7829
-19.1193 4.9793 -1.4896 -3.1839
-19.3978 5.3186 -2.2138 -3.9078
-19.3526 5.7031 -1.9514 -3.7513
-20.0636 5.3765 -2.7411 -4.4803
-19.8647 5.2489 -2.3053 -3.9970
-19.8713 5.1146 -2.4427 -4.0832
-19.8655 4.9861 -2.3957 -4.0748
-21.1928 3.5304 -3.7370 -5.4043
-19.7553 3.5121 -1.8972 -3.4360
-20.9275 2.3217 -3.6213 -5.1831
-19.6091 2.4496 -1.7857 -3.3959
-20.9035 1.2832 -3.6307 -5.2176
-18.3743 2.6460 -0.5480 -2.1707
-18.9161 3.4669 -2.0146 -3.7241
-20.2763 2.9277 -2.9348 -4.8676
-17.6725 4.9924 -0.0549 -1.7197
-18.5977 6.1317 -1.8442 -3.6865
-18.8837 6.9851 -1.5934 -3.6023
-21.8098 4.9124 -4.5947 -6.4141
-21.0028 3.6466 -2.8873 -4.4367
-20.4394 2.9443 -2.8361 -4.1960
-20.0648 2.6166 -2.4769 -4.0468
-21.0486 1.3051 -3.5685 -5.1805
-19.0820 1.9602 -1.2744 -2.8203
-20.2598 1.4375 -3.1404 -4.7847
-19.9024 1.2721 -2.2233 -3.9563
-20.2856 0.7235 -2.8816 -4.4824
-19.8253 0.6353 -2.2238 -3.8688
-18.3649 2.0075 -0.9607 -2.5925
-21.5675 0.1770 -4.5423 -6.3793
-20.6985 -0.7845 -2.5988 -4.2293
-20.2080 -1.2554 -2.6913 -4.0863
-19.1823 -0.7007 -1.6379 -3.2569
-20.7602 -1.7237 -3.5317 -5.2450
-20.2619 -2.2485 -2.4653 -4.1155
-19.0336 -1.5450 -1.5569 -3.0866
-20.9650 -2.7730 -3.7609 -5.5093
-18.6895 -1.7254 -0.8241 -2.4612
-19.3949 -1.3832 -2.4106 -4.0769
-19.1672 -0.8133 -1.7069 -3.5670
-19.7520 -0.8282 -2.5028 -4.2429
-20.7345 -1.8256 -3.2466 -4.9915
-21.3366 -3.4251 -3.6255 -5.2005
-19.5837 -3.2718 -1.7590 -3.2068
-19.0215 -2.5562 -1.7568 -3.3458
-19.0129 -1.8320 -1.7488 -3.5620
-19.8231 -1.9180 -2.5614 -4.3757
-18.0889 -0.2699 -0.5834 -2.3174
-19.5520 -0.0849 -2.6399 -4.4742
-20.1401 -0.4879 -2.6110 -4.4770
-19.6318 -0.3826 -2.1115 -3.7336
-20.3530 -0.9986 -2.9825 -4.6581
-19.0495 -0.3111 -1.4177 -3.0661
-18.1803 1.2457 -1.0179 -2.7183
-18.6970 2.2858 -1.6545 -3.5826
-19.4888 2.5340 -2.2554 -4.1678
-21.0979 1.1732 -3.6842 -5.4601
-20.3737 0.5365 -2.5314 -4.0924
-19.3340 0.9396 -1.8375 -3.3423
-19.8137 0.8630 -2.5253 -4.2378
-18.3546 2.2454 -0.8600 -2.5869
-19.0762 2.9063 -2.0812 -3.8921
-21.1708 1.4726 -3.8093 -5.6980
-19.1041 2.1056 -1.2242 -2.7935
-19.0685 2.7742 -1.9641 -3.5846
-17.9864 4.5249 -0.6601 -2.5167
-19.6517 4.6102 -2.7167 -4.6150
-19.4741 4.8732 -1.9220 -3.7711
-21.3125 3.2978 -3.9988 -5.6806
-20.1974 2.8375 -2.2607 -3.8302
-21.2306 1.3439 -3.8153 -5.3094
-19.8850 1.1959 -2.0034 -3.5505
-20.5165 0.4165 -3.1785 -4.7203
-21.0251 -0.8716 -3.3345 -4.9763
-19.7416 -0.8761 -2.0041 -3.4893
-20.5778 -1.7168 -3.2395 -4.8389
-18.4693 -0.4490 -0.7604 -2.3959
-17.5097 1.7784 -0.5445 -2.2797
-19.5844 1.9310 -2.6840 -4.7383
-19.4548 2.2133 -1.9125 -3.7788
-21.6954 0.2550 -4.3846 -6.0712
-18.2397 1.7523 -0.1872 -1.7193
-20.3609 1.1285 -3.5677 -5.2228
-19.3462 1.5194 -1.5388 -3.3596
-19.9384 1.3181 -2.7397 -4.3577
-19.3935 1.6617 -1.8345 -3.5759
-19.8235 1.5753 -2.5360 -4.2238
-19.6064 1.7060 -2.1085 -3.8348
-20.8011 0.6419 -3.4315 -5.1163
-19.6044 0.7746 -1.8379 -3.4417
-21.2254 -0.7138 -3.9370 -5.5414
-19.8456 -0.8223 -1.9275 -3.5132
-19.5545 -0.6397 -2.2392 -3.7740
-20.0155 -0.9182 -2.6067 -4.3515
-19.4114 -0.5925 -1.8923 -3.5629
-18.8521 0.2925 -1.5473 -3.2453
-21.3311 -1.3015 -4.1298 -5.9480
-21.1924 -2.7568 -3.2164 -4.8178
-20.3568 -3.3766 -2.6548 -4.0376
-19.3089 -2.9484 -1.7753 -3.3239
-19.3914 -2.6027 -2.1217 -3.8256
-20.0924 -2.9580 -2.7188 -4.4936
-19.1570 -2.3779 -1.6042 -3.2778
-17.6583 -0.2991 -0.4400 -2.1533
-20.8161 -1.3782 -3.9471 -5.9106
-20.5832 -2.2243 -2.6620 -4.4145
-21.5671 -4.0543 -4.0314 -5.4916
-19.6035 -3.9207 -1.6570 -3.1344
-18.9423 -3.1259 -1.7081 -3.2587
-20.1086 -3.4974 -2.8591 -4.6894
-18.6470 -2.4073 -1.0522 -2.7614
-19.9686 -2.6389 -2.9159 -4.6676
-19.4934 -2.3952 -1.8815 -3.6637
-18.7232 -1.3813 -1.4217 -3.0836
-19.1492 -0.7934 -1.9856 -3.8176
-19.4214 -0.4777 -2.0886 -3.9195
-18.3106 0.9488 -0.9469 -2.6998
-20.6511 0.0347 -3.6300 -5.4846
-20.2018 -0.4300 -2.3758 -4.0991
-19.4409 -0.1338 -1.9911 -3.5179
-20.0941 -0.4909 -2.7597 -4.4755
-20.3009 -1.0547 -2.7359 -4.4210
-19.0167 -0.3343 -1.4588 -3.0541
-20.2447 -0.8420 -3.0700 -4.7958
-19.3420 -0.4469 -1.6839 -3.4019
-19.9204 -0.6303 -2.6782 -4.3414
-20.1729 -1.0661 -2.6323 -4.3625
-19.2798 -0.6088 -1.7530 -3.3684
-19.4460 -0.3177 -2.1830 -3.8918
