-6.5249 0.6168 -5.9474 -3.2791
-7.7116 -0.1798 -7.6136 -4.1011
-7.3881 0.0590 -6.5780 -4.3985
-8.5963 -1.1044 -7.9803 -4.9723
-7.6484 -0.5951 -6.3076 -4.4214
-5.3534 1.6406 -4.5813 -1.3569
-6.3746 1.4781 -6.9794 -2.3740
-7.2270 1.0758 -7.2192 -4.5323
-5.6751 2.7369 -5.1558 -2.6607
-7.3431 1.7989 -7.7549 -3.6091
-7.7824 1.4223 -7.1935 -5.1270
-7.7023 1.3895 -6.8497 -4.3341
-7.0144 1.9965 -6.2099 -3.4192
-8.2977 0.9075 -7.9060 -4.6034
-8.9464 -0.0603 -7.7847 -5.8390
-8.0634 0.2441 -6.5125 -4.4698
-8.0272 0.0550 -7.0061 -3.9456
-9.4923 -1.6210 -8.4929 -5.8273
-10.4190 -3.3446 -8.5405 -7.0644
-10.9835 -5.0768 -8.5490 -7.1110
-9.5703 -5.0569 -6.7971 -5.3659
-8.2890 -4.6038 -6.3638 -3.5310
-7.3064 -3.9367 -6.1498 -2.9704
-8.4458 -4.9987 -7.8789 -4.5283
-10.0783 -7.0096 -8.8278 -6.8604
-8.4548 -6.4173 -6.2247 -5.0164
-8.1571 -6.5015 -6.9011 -3.6104
-7.9120 -6.5193 -6.8347 -4.0851
-8.1533 -6.9254 -7.2230 -4.4203
-8.2035 -7.2370 -7.1285 -4.6364
-6.0204 -5.3352 -4.9152 -2.3475
-6.7661 -5.4890 -6.9708 -2.6324
-6.5489 -4.9783 -6.3061 -3.6123
-9.1006 -7.1496 -8.9882 -5.7627
-9.9477 -8.6369 -8.3043 -7.2244
-9.7503 -9.4186 -7.5986 -5.9716
-8.7034 -9.2718 -6.6701 -4.4786
-7.8604 -8.9101 -6.4553 -3.5209
-5.2064 -6.4004 -4.3071 -1.2009
-7.8812 -8.1577 -8.5742 -3.7495
-9.4569 -9.8858 -8.5451 -7.1340
-8.9553 -10.1670 -7.0981 -5.6637
-9.2426 -11.0364 -7.6863 -5.0944
-9.5841 -12.0750 -7.8555 -5.7341
-7.7976 -11.1221 -5.8640 -3.8780
-8.1052 -11.5488 -7.2436 -3.6644
-7.3946 -11.0803 -6.3484 -3.8728
-7.2333 -10.8769 -6.6135 -3.4217
-8.9407 -12.4775 -8.4176 -5.4379
-7.5985 -11.7116 -6.0511 -4.5147
-7.8154 -11.9680 -7.0732 -3.6436
-8.3514 -12.6301 -7.4791 -4.8672
-8.1640 -12.7833 -6.9701 -4.6829
-7.5051 -12.3899 -6.4236 -3.7292
-6.3981 -11.2850 -5.7120 -2.5804
-6.7368 -11.1829 -6.7148 -3.0139
-8.7667 -12.9076 -8.5416 -5.6430
-7.4257 -12.0733 -5.9826 -4.5454
-8.0019 -12.6197 -7.3634 -3.8790
-5.9559 -10.7745 -4.9717 -2.5920
-5.9635 -10.1645 -6.2069 -1.9138
-5.9240 -9.5103 -6.1628 -2.8578
-6.8954 -9.8514 -7.1579 -3.8177
-7.9805 -10.6946 -7.6602 -5.1161
-8.5182 -11.4245 -7.5468 -5.4045
-9.4075 -12.7211 -8.1135 -5.8805
-9.4682 -13.5448 -7.6406 -5.8610
-7.4990 -12.3629 -5.6350 -3.4770
-8.0977 -12.9611 -7.4152 -3.6527
-7.9182 -13.0207 -6.8765 -4.5382
-6.1935 -11.4633 -5.2595 -2.4903
-7.2148 -11.9620 -7.3156 -3.2528
-7.5303 -12.1635 -7.0184 -4.6004
-6.8269 -11.4722 -6.1256 -3.4698
-6.8967 -11.2727 -6.6175 -3.2475
-6.6754 -10.8101 -6.3543 -3.3779
-7.3836 -11.1885 -7.1953 -4.0083
-7.6071 -11.3654 -6.9938 -4.4796
-5.9443 -9.7455 -5.1970 -2.5216
-4.5451 -7.7240 -4.7954 -0.6826
-5.7614 -7.7584 -6.8513 -2.4172
-7.2309 -8.5324 -7.5910 -4.8016
-7.4294 -8.6232 -6.9077 -4.7101
-8.0351 -9.2007 -7.3943 -4.6501
-8.5396 -9.9192 -7.5355 -5.1805
-10.0981 -11.8936 -8.7913 -6.5492
-10.6090 -13.4437 -8.3670 -7.1296
-9.3948 -13.4731 -6.8463 -5.2694
-9.2839 -14.1202 -7.4640 -4.6706
-7.2481 -12.7979 -5.4946 -3.1954
-9.2001 -14.6491 -8.6681 -4.7934
-9.4487 -15.5778 -7.7456 -6.4097
-8.1665 -15.0750 -6.3142 -4.2402
-7.4309 -14.6060 -6.3479 -3.1288
-7.8987 -15.0462 -7.2571 -4.0650
-8.7427 -16.0497 -7.8203 -5.3556
-10.6169 -18.4209 -9.1882 -7.1740
-9.8459 -18.8967 -7.2927 -6.3728
-8.4380 -18.4272 -6.3474 -3.9111
-8.1838 -18.5482 -6.9379 -3.7453
-9.2795 -19.9173 -8.1861 -5.4660
-7.6119 -18.9616 -5.8612 -4.1396
-6.8302 -18.2246 -6.0799 -2.4984
-7.2885 -18.4150 -7.0073 -3.6008
-7.2909 -18.3328 -6.7347 -4.0701
-7.3009 -18.2591 -6.7433 -3.8606
-7.2021 -18.0808 -6.6385 -3.7627
-6.5494 -17.3089 -6.0451 -3.0855
-7.2900 -17.6692 -7.1772 -3.7428
-5.7850 -16.0802 -5.2279 -2.6993
-7.6157 -17.2250 -7.9617 -3.8735
-7.8914 -17.5469 -7.1389 -5.2377
-8.5357 -18.3478 -7.6178 -5.0584
-8.7872 -19.0136 -7.4827 -5.3064
-9.9242 -20.6655 -8.4688 -6.1845
-7.7888 -19.4998 -5.6512 -4.1558
-7.5970 -19.4235 -6.7406 -2.9911
-7.6851 -19.5504 -6.9438 -4.0659
-7.5149 -19.4542 -6.7207 -4.0053
-8.2197 -20.1649 -7.5277 -4.6338
-8.3018 -20.5349 -7.1869 -4.9386
-7.0837 -19.6375 -5.9195 -3.3986
-7.3168 -19.7041 -6.8835 -3.3487
-6.8790 -19.1931 -6.3059 -3.5422
-6.4721 -18.5377 -6.1615 -2.9358
-5.8551 -17.5095 -5.7888 -2.4475
-7.0480 -18.0445 -7.3519 -3.7124
-7.9741 -18.7898 -7.5622 -5.1732
-7.4050 -18.4103 -6.4375 -4.2168
-8.3858 -19.3531 -7.7597 -4.6393
-6.8559 -18.1776 -5.6413 -3.5787
-8.1869 -19.2509 -7.8902 -4.1329
-6.8205 -18.1593 -5.7253 -3.7671
-5.4659 -16.5328 -5.1905 -1.5003
-7.5680 -17.8213 -8.1054 -3.9873
-6.3587 -16.6392 -5.6348 -3.8487
-6.2962 -16.1202 -6.2979 -2.5353
-6.6621 -16.0046 -6.7013 -3.4692
-7.2352 -16.2425 -7.0549 -4.1454
-7.5268 -16.4282 -7.0026 -4.3761
-6.6332 -15.5453 -5.9340 -3.2656
-7.6266 -16.1920 -7.4636 -3.9404
-8.1858 -16.8018 -7.4267 -5.1272
-4.8211 -13.7115 -3.7266 -1.3975
-4.3012 -12.1200 -5.2254 0.0637
-4.4935 -11.0327 -5.7297 -1.6395
-4.7381 -10.0747 -5.8589 -2.1722
-5.8682 -10.1001 -6.8423 -3.2590
-8.2605 -11.8397 -8.5565 -5.7598
-8.1473 -12.0307 -7.0079 -5.5827
-7.1270 -11.2693 -6.0555 -3.3914
-6.6046 -10.5977 -6.1454 -2.7193
-5.3583 -8.9933 -5.2125 -1.8583
-4.9928 -7.7711 -5.5947 -1.4943
-5.5419 -7.3173 -6.3631 -2.5684
-6.8769 -7.8690 -7.3686 -4.1887
-7.4088 -8.1517 -7.0996 -4.7241
-6.9347 -7.6411 -6.3063 -3.7155
-7.6318 -8.1121 -7.2879 -4.0625
-8.0238 -8.5568 -7.2617 -4.8216
-6.3599 -7.1024 -5.3625 -2.9014
-6.9497 -7.2362 -6.9507 -2.9703
-8.7511 -8.8175 -8.3981 -5.6883
-10.4434 -11.0102 -9.0097 -7.4577
-9.0208 -10.7650 -6.5717 -5.5090
-8.8916 -11.2441 -7.2960 -4.2829
-8.7324 -11.6415 -7.2143 -4.7807
-8.3790 -11.7811 -6.9565 -4.4576
-7.9902 -11.7439 -6.7797 -4.0745
-8.8132 -12.7630 -7.8360 -4.9893
-8.3133 -12.7883 -6.8423 -4.8406
-10.1836 -14.9840 -9.0126 -6.2159
-10.0441 -15.9179 -7.7508 -6.6904
-9.4206 -16.3120 -7.2111 -5.1413
-8.3750 -16.0347 -6.5395 -4.0379
-7.7472 -15.7568 -6.5391 -3.5003
-6.3815 -14.4901 -5.5502 -2.5110
-5.1466 -12.8078 -5.1346 -1.3043
-5.6430 -12.3628 -6.3720 -2.2092
-7.2124 -13.1894 -7.6435 -4.4706
-6.7942 -12.6561 -6.2837 -4.1280
-5.8238 -11.4034 -5.5642 -2.3207
-5.3660 -10.2752 -5.6887 -1.8696
-6.1171 -10.1727 -6.7144 -2.9949
-8.1259 -11.6283 -8.2725 -5.3736
-9.1642 -12.9170 -8.1056 -6.4532
-8.8647 -13.2831 -7.1830 -5.3971
-7.7982 -12.7625 -6.2963 -3.7723
-8.2683 -13.3519 -7.4063 -4.1729
-9.5298 -14.9207 -8.3857 -6.0404
-7.3969 -13.5997 -5.4959 -3.9341
-7.8907 -14.0523 -7.2695 -3.3958
-6.7340 -13.0519 -5.8165 -3.3617
-6.6033 -12.6148 -6.3798 -2.7626
-8.2673 -13.9201 -8.1222 -4.9556
-7.9052 -13.8649 -6.7618 -4.9891
-7.0693 -13.1911 -6.1430 -3.2820
-7.9273 -13.8768 -7.5026 -4.1466
-8.4507 -14.5711 -7.5112 -5.2429
-7.7501 -14.2508 -6.4966 -4.2351
-8.6879 -15.2886 -7.8548 -4.7816
