8.9863 12.1441 4.4521 5.8032
9.5323 12.2253 5.1122 7.6373
7.9786 10.1701 3.0124 5.0094
6.7566 9.3716 3.3442 7.0211
7.5218 10.9196 5.3314 8.7428
7.1677 10.6517 4.2120 6.0337
6.7576 10.4483 4.1560 6.8731
7.1418 11.1308 4.9504 7.7124
4.5128 8.4929 1.9371 4.0636
4.1525 9.3108 4.2058 8.7429
3.0726 9.0411 3.4863 6.2084
3.5449 10.4449 5.0385 8.3362
3.5755 10.7752 4.5967 6.6527
2.0435 9.3944 3.0341 5.4436
1.9441 10.0676 4.4668 8.1263
1.7183 10.3114 4.3404 6.8537
2.2427 11.1956 5.0905 7.7050
1.6170 10.5319 3.9404 5.9548
0.2675 9.4430 3.2167 6.1511
0.1919 10.1181 4.4906 8.0040
0.6932 11.0663 5.0674 7.5618
1.0541 11.4473 4.9270 6.9599
1.7147 11.9566 5.2267 7.3719
0.7779 10.6394 3.6294 5.5348
-0.0740 9.9997 3.7142 6.8975
-0.7431 9.8307 3.8970 7.0124
-0.1259 11.0242 5.1834 8.1526
0.1578 11.3469 4.8498 6.7898
0.5088 11.5918 4.9171 7.1241
1.5263 12.3930 5.5836 7.7367
2.2039 12.4938 5.2438 6.8637
2.0298 11.6974 4.3920 6.2837
2.1914 11.5952 4.7277 7.3009
4.4194 13.6054 6.7942 9.0988
5.8611 13.9247 6.0078 6.6592
5.4126 12.2100 4.1176 5.3981
3.5480 9.8509 2.7015 5.4942
3.1555 10.0256 4.1737 8.0993
3.2898 10.6483 4.7004 7.4482
1.2921 8.8589 2.5685 4.8950
2.5950 11.1753 5.8690 9.9010
4.0143 12.5657 5.9855 7.3770
4.0027 11.8995 4.5545 5.8529
3.6105 11.1526 4.1740 6.6171
4.3619 11.8853 5.3175 8.0651
5.0930 12.2680 5.2972 7.1300
4.9649 11.6193 4.4381 6.2870
4.4086 10.8343 4.0098 6.5461
4.6662 11.2164 4.8237 7.7027
6.5277 13.0305 6.4276 8.6554
5.0726 10.7118 3.1111 4.0558
6.7907 12.6095 6.2842 9.8821
4.9544 10.0990 2.7299 3.7893
4.1175 9.7175 3.7292 7.6321
4.6920 10.9191 5.1406 8.2440
5.8015 12.1150 5.6757 7.6499
4.9380 10.7998 3.7027 5.2489
4.7542 10.7561 4.3823 7.5070
3.9380 10.0997 3.7500 6.3309
2.3968 9.0136 3.0249 6.1117
3.5378 11.0984 5.7071 9.3739
3.0564 10.6228 4.0848 5.6059
3.0870 10.8731 4.5967 7.4157
5.2000 13.0932 6.6792 9.0886
5.5418 12.5431 4.9079 5.6514
5.5156 11.8725 4.5399 6.7004
6.2358 12.2501 5.2864 7.7412
6.4762 11.9779 4.8065 6.6641
5.2697 10.3814 3.3597 5.6013
6.0040 11.4441 5.3004 8.6994
6.0124 11.3026 4.5745 6.4210
5.9234 11.1275 4.4771 6.9043
6.6853 11.8820 5.3281 7.8331
6.8809 11.7306 4.7617 6.5860
6.3329 10.9039 4.0182 6.2956
5.1255 9.7897 3.3587 6.2310
5.7767 11.0355 5.2173 8.6171
6.5641 11.8570 5.3536 7.2665
6.7674 11.7246 4.7694 6.5733
6.8591 11.5403 4.6579 6.9291
6.7694 11.2574 4.4764 6.8369
6.6511 11.0733 4.4478 6.9535
6.4410 10.8802 4.3561 6.8846
7.8746 12.4177 5.9997 8.6016
9.0352 12.9904 5.7268 7.0137
8.6624 11.7718 4.1933 5.6987
9.4021 12.2142 5.3059 8.0380
8.8223 11.1381 3.9864 5.8284
8.1055 10.4091 3.8493 6.7470
7.9832 10.6028 4.4439 7.4512
8.1905 11.0388 4.7734 7.3051
7.6250 10.5059 4.0007 6.2687
6.1858 9.3390 3.1269 6.0132
6.9862 10.9368 5.3665 8.9517
6.5400 10.5691 4.1200 5.9136
6.5630 10.8360 4.5891 7.3799
7.1477 11.5445 5.1509 7.5664
7.2311 11.4329 4.6495 6.6156
7.2538 11.3107 4.5888 6.9560
7.6113 11.5784 4.9236 7.3394
8.1600 11.9168 5.1149 7.2627
7.5835 10.9778 3.9897 5.9845
7.9355 11.3898 4.9182 7.8132
8.5422 11.8711 5.1729 7.3251
8.8950 11.8819 4.9189 6.8674
7.3723 10.0123 3.0434 5.1951
8.5197 11.6542 5.7136 9.3656
7.4794 10.3695 3.5258 5.0418
9.4246 12.6485 6.5114 9.7775
8.7632 11.2953 3.9047 4.7824
8.5437 10.9928 4.3466 7.3096
9.6330 12.1354 5.6555 8.2650
8.2749 10.3163 3.2080 4.7704
8.7386 11.1378 5.0299 8.5503
9.4743 11.8614 5.3018 7.3647
10.0123 12.0617 5.1041 6.9494
9.2851 10.9068 3.8390 5.8425
9.7403 11.4539 5.0213 8.0369
8.7608 10.3201 3.5866 5.6563
9.0596 10.9749 4.8649 8.0824
8.5078 10.4844 4.0144 6.2092
8.6971 10.9557 4.7554 7.6307
7.8813 10.2099 3.7504 6.0328
8.2944 11.0286 4.9793 8.0658
7.8025 10.5737 4.0742 6.1775
6.9506 9.9637 3.7143 6.5417
4.7441 8.2736 2.3597 5.4750
5.2147 10.0210 5.0367 9.2357
6.9531 12.2500 6.3046 8.3620
6.3978 11.1821 4.0108 5.0539
7.8366 12.5890 6.0050 8.8832
7.6519 11.7393 4.3814 5.6642
6.8397 10.6444 3.7539 6.3355
6.9223 10.9370 4.6488 7.7324
6.5141 10.6071 4.1579 6.5256
7.2085 11.5283 5.2606 8.0210
6.3492 10.4813 3.7069 5.5852
6.4786 10.8941 4.6955 7.8168
6.7664 11.2795 4.8539 7.1842
6.8936 11.3310 4.6934 6.8970
7.1802 11.5186 4.8527 7.1847
6.7566 10.9116 4.1426 6.3472
5.2776 9.5224 3.0872 5.8599
5.6157 10.5754 4.9042 8.5212
4.6701 9.8709 3.6205 5.7839
5.7837 11.5426 5.6798 8.8701
5.4757 11.0404 4.2581 5.8011
6.3384 11.9350 5.4289 8.1091
8.0627 13.2885 6.2904 8.0341
7.7233 11.9693 4.2268 5.2812
7.1216 10.9813 3.9644 6.6697
8.2333 12.1514 5.6779 8.5931
8.5502 12.0002 4.8830 6.4275
8.5874 11.6374 4.6034 6.7838
8.7297 11.5428 4.7084 7.1124
7.9906 10.6095 3.8271 6.1472
9.0405 11.8851 5.6160 8.6411
8.5806 11.0769 4.1063 5.7002
9.6907 12.2024 5.6763 8.4780
9.2046 11.2252 4.0800 5.6258
10.6605 12.6298 6.0221 8.8448
10.9576 12.2435 4.8633 6.1324
7.8549 8.6312 1.4634 3.6596
7.6723 9.5646 4.3835 9.2996
8.9323 11.5205 5.8261 8.4060
8.6134 11.0174 4.2473 5.6732
7.9628 10.4089 3.9155 6.6045
8.4116 11.1737 5.0150 7.9693
9.8756 12.6096 6.0301 8.1049
10.6175 12.6772 5.3081 6.5707
10.7308 12.0857 4.6794 6.5197
11.2460 12.1624 5.0814 7.4246
11.7644 12.2076 5.0845 7.1062
11.5842 11.5341 4.3860 6.4052
11.9818 11.7413 4.9637 7.5417
11.9689 11.4448 4.5532 6.6690
12.6704 11.9961 5.2676 7.7118
13.2915 12.2190 5.1872 7.0599
11.8639 10.2929 3.1386 5.0756
11.3170 10.1142 4.0192 7.5951
10.0865 9.3323 3.3356 6.2070
10.1826 10.2288 4.6622 8.0805
7.9048 8.3481 2.2884 4.6454
7.7868 9.4734 4.4481 8.7041
8.8449 11.2685 5.6243 8.1526
9.2812 11.6340 5.0024 6.5898
10.6928 12.8102 5.9777 8.0625
10.6781 12.0310 4.5515 5.8562
10.1404 11.0793 4.0284 6.4739
8.3056 9.2588 2.7314 5.5955
10.9411 12.7279 7.2017 11.1033
11.2319 12.2911 4.8569 5.1823
12.2975 12.8257 5.6317 7.8330
12.8327 12.5894 5.1014 6.6827
12.4454 11.5368 4.1788 6.1845
12.1257 11.0256 4.2465 6.9902
9.6012 8.5396 2.0416 4.7312
8.5949 8.6905 3.5599 8.0133
8.1708 9.3556 4.1420 7.3809
7.5096 9.4844 3.9049 6.6781
8.2371 10.9440 5.2937 8.2565
