4.2659 14.6651 4.3764 1.9372
5.3970 15.5320 5.0670 2.7082
4.2899 13.9725 4.1981 1.0620
3.9644 14.0898 3.4465 1.3354
5.1199 15.3756 3.9807 2.6093
5.3623 15.1557 4.2950 2.2609
5.7020 15.3985 4.8521 2.5257
5.9733 15.5339 5.5446 2.6368
6.4339 15.8859 6.5892 2.9753
3.8368 13.1046 4.8524 0.1588
4.6794 14.9861 4.9971 2.3184
5.2400 15.2097 5.3654 2.3538
3.3946 13.1400 3.6640 0.2618
4.4511 14.9346 3.7572 2.2633
5.8479 15.9088 4.8246 3.0581
3.8183 13.3206 3.3038 0.3724
4.5696 14.8836 3.3461 2.1943
4.2518 14.2653 2.7700 1.4197
5.4077 15.5483 3.4770 2.7646
4.0408 13.7191 2.3547 0.8070
3.4858 13.7108 1.2242 0.9817
5.6890 16.1361 2.5189 3.4078
5.7578 15.3236 3.0011 2.3528
6.6731 16.2114 4.3711 3.3218
6.5363 15.7085 5.2382 2.7301
6.2299 15.4568 5.8536 2.5287
5.6121 14.9615 5.9737 2.0586
3.9231 13.5196 4.6519 0.6662
4.5624 14.8346 4.6451 2.1254
5.0312 15.0476 4.8513 2.2069
5.5191 15.3480 5.3580 2.4860
4.2952 13.9290 4.4456 1.0369
4.8094 14.9327 4.5369 2.1826
6.6419 16.5595 6.2550 3.7090
5.1053 14.2900 5.7036 1.2768
5.1482 14.9475 5.8097 2.1612
5.2369 15.0190 5.9873 2.1670
4.1772 13.9239 5.0698 1.0647
5.0330 15.2035 5.4319 2.4539
5.2248 15.0530 5.6435 2.1754
2.7128 12.4643 3.2664 -0.3982
6.3009 17.0572 5.4822 4.4535
6.8956 16.2166 6.8575 3.1537
6.9691 16.0522 8.0684 3.0733
6.6452 15.6989 8.9259 2.7365
5.3158 14.4991 8.5836 1.5720
3.9272 13.6422 7.3845 0.8351
4.1011 14.3716 6.9147 1.6501
5.1430 15.3439 7.4172 2.5495
6.9679 16.7521 9.3279 3.8604
4.7851 13.8393 8.3259 0.8069
6.7816 16.7090 10.1935 3.9678
4.6604 13.7891 9.1412 0.7609
5.6678 15.6450 9.9448 2.9089
5.1944 14.7687 9.8722 1.8470
3.1258 12.8894 7.9202 0.0553
6.7500 17.3410 10.4198 4.6949
4.4934 13.6348 9.2133 0.5435
4.0900 14.1340 8.5058 1.4132
4.1850 14.3904 8.0549 1.6198
4.2986 14.4660 7.6795 1.6697
4.9323 15.0543 7.8924 2.2504
5.3022 15.1707 8.2216 2.3080
7.2129 16.9334 10.3137 4.0591
7.3070 16.2632 11.7355 3.2126
6.8860 15.8046 12.6987 2.8210
5.0970 14.1840 12.0413 1.2463
6.1131 15.9156 13.1155 3.1400
5.2464 14.6425 12.9167 1.6937
4.8098 14.5527 12.6280 1.7312
5.4698 15.3873 13.1738 2.5748
3.9926 13.6460 11.9785 0.7501
2.1919 12.4363 9.5734 -0.2856
3.4632 14.4278 9.1599 1.8270
3.5419 13.9980 8.3165 1.1980
5.2701 15.6947 9.1698 2.9377
4.8455 14.5788 8.9073 1.6521
6.3778 16.2810 10.3469 3.4659
5.0263 14.3166 9.8221 1.3313
5.6368 15.4677 10.4484 2.6788
5.7451 15.3318 10.9388 2.4277
5.6902 15.2335 11.3309 2.3431
4.3068 13.8721 10.3616 0.9915
4.7829 14.9015 10.4218 2.1571
4.7866 14.7148 10.2952 1.8674
4.3375 14.2642 9.7180 1.4355
4.4298 14.5362 9.4129 1.7525
4.2886 14.3581 8.9296 1.5472
4.4052 14.5311 8.6193 1.7380
3.9005 13.9798 7.7578 1.1695
3.3402 13.6214 6.5377 0.8661
3.6906 14.1959 5.8922 1.4765
4.1871 14.5522 5.6031 1.7754
5.6753 15.8418 6.6035 3.0293
4.6820 14.2533 6.0155 1.3119
6.4303 16.3989 7.5729 3.6163
4.2107 13.4800 6.2116 0.4829
6.5844 16.7415 8.1116 4.0362
5.8116 15.0192 8.2895 1.9879
3.1580 12.6748 6.1229 -0.1844
4.9701 15.5483 6.8298 2.9236
2.7627 12.6160 4.6045 -0.2960
4.4463 15.1826 4.9457 2.5637
7.0298 17.0926 7.1969 4.2171
5.6458 14.6752 7.0308 1.6087
5.7453 15.3284 7.5178 2.5036
5.9711 15.5143 8.1907 2.6243
5.0135 14.4664 7.8158 1.5577
5.8259 15.6619 8.6363 2.8580
4.9555 14.4665 8.2614 1.5431
5.8607 15.7199 9.1399 2.9160
4.3463 13.8434 8.1419 0.9141
4.8090 14.9118 8.2123 2.1703
4.6330 14.5508 7.9218 1.7024
4.0749 14.0630 7.1435 1.2507
4.7185 14.9299 7.2320 2.1664
3.4137 13.3677 5.7583 0.5175
2.7257 13.2016 4.1186 0.5076
2.6370 13.3881 2.6653 0.7107
3.2514 14.0380 1.8619 1.3420
5.1431 15.6840 2.7045 2.9229
5.1071 14.8912 2.7543 1.9656
6.2908 16.0893 4.0023 3.2430
6.5034 15.8285 4.9894 2.8623
5.1202 14.3603 4.5083 1.4202
3.6873 13.4806 3.1475 0.6873
4.5026 14.8691 3.1752 2.1638
4.4532 14.4936 2.8274 1.6494
6.0054 16.0655 4.0515 3.2589
4.6685 14.1077 3.3178 1.1439
6.4470 16.4209 4.8974 3.6529
5.8330 15.0956 5.1517 2.0963
5.7976 15.3058 5.6160 2.4390
4.6040 14.1263 4.9010 1.2385
3.8258 13.8255 3.8852 1.0557
4.3543 14.6654 3.7091 1.9256
4.7630 14.8627 3.7304 2.0389
3.4443 13.3805 2.2695 0.5370
4.4882 14.9518 2.3800 2.2565
4.0266 14.0727 1.6113 1.2203
5.0320 15.2627 2.0327 2.4982
5.9891 15.8176 3.0089 2.9341
3.5047 12.9505 1.1180 0.0115
3.6763 14.1158 0.3924 1.4635
4.1994 14.5703 0.1213 1.8015
2.4282 12.5898 -2.1302 -0.2245
1.3771 12.2472 -4.7244 -0.3690
1.8573 13.1479 -6.4179 0.5659
4.6383 15.7368 -5.5225 3.0648
6.4739 16.4600 -3.9039 3.5291
4.9517 14.2035 -4.5418 1.2002
4.5291 14.3898 -4.9934 1.6122
4.9894 15.0191 -4.8156 2.2229
5.8102 15.6558 -4.0012 2.7967
6.2039 15.7212 -3.1213 2.7984
7.9875 17.3473 -0.6154 4.4180
6.6678 15.3142 -0.1426 2.2222
4.4991 13.6734 -1.3106 0.7847
7.1183 17.1600 1.0081 4.4354
4.8495 13.8435 0.0102 0.7703
4.2348 14.1364 -0.6947 1.3948
5.6011 15.7485 0.2124 2.9777
5.4160 15.0169 0.3880 2.0848
5.2346 14.9096 0.4562 2.0507
5.0998 14.8473 0.4621 1.9991
3.7003 13.5018 -0.8775 0.6598
3.1947 13.5559 -2.1629 0.8485
2.6013 13.1649 -3.8394 0.4520
4.7964 15.5972 -3.0836 2.9235
4.0228 13.9456 -3.9793 1.0286
2.8745 13.1067 -5.7140 0.3549
4.6263 15.3179 -5.2374 2.6500
4.5966 14.5874 -5.4914 1.6984
3.5355 13.5382 -6.7946 0.7222
4.7044 15.1316 -6.5043 2.4206
5.3214 15.2810 -6.0646 2.4106
5.6320 15.3448 -5.5612 2.4594
4.6427 14.2313 -6.1713 1.3396
4.5032 14.4874 -6.5252 1.7071
4.3692 14.4093 -6.9573 1.6033
4.9121 15.0059 -6.7929 2.2077
5.4754 15.3519 -6.2824 2.4940
6.8329 16.4841 -4.6396 3.5917
5.1180 14.2263 -5.2547 1.2206
4.4185 14.2127 -5.8834 1.4328
4.5909 14.6648 -6.0600 1.8863
5.9976 16.0026 -4.8987 3.1789
5.0006 14.4429 -5.2972 1.4854
5.9286 15.7697 -4.3688 2.9682
4.6358 14.1058 -5.1044 1.1715
3.9983 13.9854 -5.9604 1.2176
6.4124 16.6545 -4.1473 3.8987
6.4253 15.7017 -3.2870 2.6790
6.1380 15.4092 -2.7191 2.4818
5.4618 14.8480 -2.7125 1.9499
4.5849 14.2416 -3.3123 1.3995
6.0092 16.0166 -2.1371 3.2352
6.5349 15.9726 -1.0058 3.0137
3.8521 13.0795 -2.7677 0.1250
3.3890 13.6895 -3.9196 1.0244
3.9873 14.4731 -4.2878 1.7469
