-20.8574 -21.8370 16.3005 -10.3840
-19.9506 -21.1445 17.2985 -9.5519
-19.0990 -20.2805 17.4700 -8.5821
-19.8732 -20.8295 16.0571 -9.8578
-21.8350 -22.7596 14.6759 -12.3693
-21.3155 -22.6989 16.6668 -11.4834
-19.8177 -21.5299 17.7749 -8.7825
-18.7488 -20.4155 17.7205 -7.9504
-18.4344 -19.7883 17.2332 -8.4812
-17.8335 -18.7960 17.5983 -8.5059
-19.3064 -19.7272 15.6748 -10.1374
-20.7366 -20.9841 15.3491 -12.0018
-20.0933 -20.5249 17.0652 -10.5463
-20.2241 -20.6790 16.4519 -9.7868
-21.3539 -21.8648 15.4202 -11.3091
-20.3095 -21.1589 17.3119 -10.2428
-18.8519 -19.7787 17.9863 -8.0551
-18.8782 -19.5179 16.8668 -8.6350
-18.8785 -19.2378 16.8861 -9.5113
-19.0347 -19.1136 16.7302 -9.6517
-19.9835 -19.8212 15.8985 -10.6082
-19.9672 -19.8007 16.6265 -10.5456
-19.1200 -18.9454 17.4614 -9.1283
-20.4828 -20.0881 15.4633 -10.4585
-19.4084 -19.1344 17.5597 -9.9605
-18.3002 -17.8783 17.8621 -7.9809
-18.8114 -17.9646 16.5197 -9.0814
-19.2235 -18.0795 16.4911 -10.1839
-18.0467 -16.7086 17.9769 -8.7210
-18.0612 -16.2347 17.0799 -8.4294
-18.1014 -15.7902 17.0506 -9.1764
-18.7258 -15.9400 16.4563 -9.7941
-19.8605 -16.7561 15.7899 -10.9360
-20.3467 -17.2074 16.1547 -11.1043
-19.8424 -16.7898 17.0236 -9.9434
-20.7994 -17.7075 15.6884 -10.5835
-20.6303 -17.7382 16.5753 -10.7649
-21.2088 -18.4742 15.8700 -10.7606
-22.2475 -19.8152 15.2651 -11.9298
-20.0557 -18.1852 18.2360 -9.4428
-19.1722 -17.3157 17.4755 -7.8265
-19.5854 -17.5219 16.3998 -9.5106
-18.5418 -16.3747 17.7533 -9.0178
-18.8233 -16.2916 16.6891 -8.9991
-18.6453 -15.8194 17.0782 -9.4613
-18.5546 -15.3901 17.0353 -9.1929
-18.6138 -15.0880 16.9081 -9.3544
-18.9472 -15.0748 16.6192 -9.7452
-19.2214 -15.0858 16.5950 -10.0005
-20.1394 -15.8091 15.8827 -10.7321
-18.9262 -14.6307 17.7844 -9.4003
-19.4927 -14.9288 16.3080 -9.3554
-19.6613 -14.9706 16.5642 -10.2802
-20.8194 -16.0440 15.5326 -11.1068
-20.5832 -16.0127 16.6373 -10.8274
-18.9372 -14.5124 18.1062 -8.4747
-20.3154 -15.6250 15.4935 -9.9124
-19.5154 -14.9038 17.3272 -10.1688
-21.1012 -16.3685 15.1413 -10.8878
-20.2899 -15.8324 17.1421 -10.6357
-18.6794 -14.2944 18.1441 -8.0331
-18.8854 -14.1703 16.7301 -8.6455
-20.3192 -15.3254 15.4509 -11.0558
-18.5205 -13.6065 18.3249 -9.2052
-19.9404 -14.6566 15.5560 -9.6749
-20.6283 -15.3296 15.9330 -11.5130
-20.0331 -14.8914 17.0441 -10.1003
-19.6498 -14.5164 16.9811 -9.2745
-19.8141 -14.5931 16.5293 -9.7767
-19.6075 -14.3400 16.8591 -9.8083
-19.2682 -13.9026 17.0434 -9.3601
-19.6200 -14.0715 16.4371 -9.8189
-19.4493 -13.8058 16.8717 -9.8694
-19.9575 -14.1763 16.2355 -10.1579
-20.4883 -14.6965 16.0858 -10.8166
-20.8772 -15.2074 16.0951 -10.9271
-20.5789 -15.1285 16.6850 -10.3298
-21.4442 -16.1385 15.5960 -10.9468
-21.7817 -16.8370 15.9075 -11.5065
-21.4568 -16.9575 16.4855 -10.6793
-20.7349 -16.5999 16.9636 -9.7388
-20.7558 -16.8044 16.4015 -9.9184
-20.5693 -16.8069 16.6036 -10.1661
-21.0568 -17.4367 15.9762 -10.6318
-22.3140 -18.9581 15.0846 -12.0252
-22.3392 -19.5618 16.0023 -11.8209
-22.3469 -20.1543 16.0136 -11.0754
-20.3298 -18.7239 18.0363 -9.0436
-19.2230 -17.6996 17.6303 -7.8314
-18.9076 -17.1899 17.1157 -8.6709
-17.9579 -15.9672 17.8288 -8.3695
-18.3864 -15.8851 16.6880 -8.9398
-19.3587 -16.4540 16.0371 -10.5033
-18.6607 -15.5957 17.4643 -9.5968
-19.6739 -16.2741 15.9277 -9.9917
-20.5361 -17.0548 15.8253 -11.3234
-19.8597 -16.5124 17.1484 -10.0822
-20.4765 -17.0941 16.0243 -10.1478
-21.3995 -18.1362 15.5639 -11.5075
-21.8366 -18.9232 15.8190 -11.6207
-22.0148 -19.5605 15.9687 -11.2669
-22.8824 -20.9318 15.2347 -11.8812
-22.9040 -21.6741 15.8638 -11.8393
-21.6510 -21.1471 17.1330 -10.0668
-19.0733 -18.9821 18.7710 -7.4134
-19.8922 -19.5694 16.0187 -8.8553
-19.3206 -18.9708 17.2046 -9.8712
-17.7104 -17.1907 18.3861 -7.7410
-18.2986 -17.2065 16.5902 -8.5918
-19.1034 -17.5860 16.2265 -10.3921
-19.1176 -17.3761 16.8160 -10.0936
-19.1304 -17.1682 16.8139 -9.6242
-20.1704 -17.9908 15.7834 -10.6563
-20.0141 -17.8771 16.7197 -10.5444
-20.6033 -18.4698 16.0133 -10.5017
-21.5496 -19.5670 15.5088 -11.5714
-21.0437 -19.4485 16.7245 -10.7593
-19.8837 -18.5494 17.5051 -9.0061
-19.3150 -17.9516 17.2038 -8.6830
-19.4845 -17.9499 16.6078 -9.5200
-18.9106 -17.2472 17.3088 -9.2959
-18.1038 -16.1680 17.6852 -8.3586
-18.7187 -16.3088 16.4652 -9.2775
-19.3668 -16.6366 16.2782 -10.4404
-18.8134 -15.9249 17.3177 -9.5506
-19.1185 -15.9333 16.5976 -9.4390
-17.4702 -14.0647 18.4747 -8.1380
-19.3986 -15.3606 15.3101 -9.8010
-21.0424 -16.8541 15.1126 -12.5302
-21.8446 -17.9168 15.5432 -12.2575
-21.2447 -17.7781 16.7448 -10.7114
-20.9916 -17.8362 16.5479 -9.9471
-20.9818 -18.0742 16.3679 -10.2846
-19.8003 -17.1382 17.5421 -9.2544
-20.0027 -17.2907 16.4535 -9.4036
-19.4859 -16.7745 17.1222 -9.6058
-17.9869 -15.1471 18.2335 -7.9596
-17.3321 -13.9889 17.7642 -7.5399
-18.4867 -14.4766 16.1183 -9.5612
-16.6452 -12.2568 18.8258 -8.1703
-16.5119 -11.2848 17.5780 -7.2522
-17.1523 -11.0531 16.8376 -8.9908
-18.9290 -12.1179 15.5412 -10.8795
-17.4939 -10.4150 18.3089 -9.1489
-18.2320 -10.5266 16.4944 -8.7493
-18.7879 -10.6405 16.4922 -10.2031
-19.0615 -10.6111 16.6354 -10.0617
-19.0701 -10.3851 16.8320 -9.7505
-17.0898 -8.1723 18.8188 -7.6064
-16.4648 -6.8197 17.9586 -6.8772
-17.4289 -6.9001 16.5257 -8.9983
-16.4823 -5.3106 18.1955 -8.4748
-17.7134 -5.6623 16.2543 -9.0801
-19.3518 -6.7291 15.5393 -11.3481
-19.9695 -7.1847 16.1504 -11.3090
-20.5842 -7.7918 15.9990 -10.9716
-20.5628 -7.9165 16.4813 -10.6103
-20.4908 -7.9851 16.5373 -10.1684
-19.5419 -7.1589 17.4322 -9.2288
-20.3614 -7.8639 15.9010 -10.0440
-19.2708 -6.8637 17.6062 -9.5638
-19.7595 -7.1701 16.2996 -9.5062
-19.3078 -6.6583 17.1178 -9.7333
-17.6422 -4.8196 18.4447 -7.7519
-18.0957 -4.6836 16.7420 -8.3931
-18.0702 -4.1821 17.1076 -9.3897
-19.2466 -4.8760 15.9121 -10.2927
-19.2029 -4.6440 16.8380 -10.3231
-20.1909 -5.4327 15.8173 -10.6031
-20.3148 -5.6043 16.4344 -10.8026
-20.9437 -6.3119 15.8984 -10.8449
-20.6174 -6.2215 16.6964 -10.4757
-21.3440 -7.1025 15.7251 -10.8086
-20.1509 -6.2453 17.4631 -9.8476
-19.8493 -5.9815 16.8698 -9.0505
-21.1698 -7.2643 15.3232 -11.0717
-22.8368 -9.2238 14.6466 -12.9857
-23.6324 -10.7286 15.1012 -13.0724
-23.6581 -11.6624 15.6723 -12.1376
-22.7547 -11.6735 16.5949 -10.7581
-21.6827 -11.2901 16.9893 -9.6256
-22.4720 -12.5001 15.3960 -10.9033
-23.6468 -14.2929 14.8132 -12.7608
-23.2334 -14.7912 16.1077 -11.9325
-24.1342 -16.5004 14.8968 -12.1078
-23.3403 -16.7401 16.3663 -11.6070
-23.6617 -17.8965 15.4496 -11.3482
-22.3016 -17.4518 17.0507 -10.4805
-22.3652 -18.0909 15.9670 -10.2833
-21.7075 -18.0245 16.6724 -10.4448
-22.2456 -18.9894 15.6411 -10.9118
-19.9492 -17.2545 18.3410 -9.0370
-19.8760 -17.1686 16.6919 -8.5261
-20.1839 -17.4455 16.3291 -10.2082
-21.4645 -18.7720 15.2795 -11.5481
-20.7582 -18.4319 16.9462 -10.7211
-21.6631 -19.5263 15.5116 -10.8223
-22.4150 -20.6940 15.4383 -12.0433
-22.5186 -21.4014 15.8987 -11.6415
-22.5542 -22.0666 15.9408 -11.2311
-22.5378 -22.6887 15.9839 -11.1543
